data/test/data/MeshRefinementTests/gebco.asc
ncols         312
nrows         240
xllcenter       -1.24791667
yllcenter       48.85208333
cellsize         0.00416666667
NODATA_value   32767.00
[rows 175 to 209 of 240, columns 78 to 155 of 312]
129.00 139.00 146.00 145.00 134.00 122.00 110.00 104.00 110.00 114.00 108.00 97.00 104.00 122.00 135.00 143.00 139.00 128.00 122.00 122.00 125.00 132.00 143.00 153.00 154.00 151.00 157.00 166.00 173.00 171.00 163.00 153.00 145.00 139.00 132.00 124.00 121.00 120.00 120.00 120.00 120.00 124.00 135.00 146.00 152.00 154.00 154.00 151.00 143.00 131.00 122.00 119.00 117.00 117.00 118.00 117.00 113.00 111.00 112.00 110.00 107.00 104.00 98.00 91.00 85.00 97.00 115.00 127.00 131.00 134.00 132.00 125.00 116.00 116.00 114.00 114.00 129.00 145.00
138.00 146.00 148.00 140.00 130.00 122.00 117.00 128.00 142.00 137.00 113.00 96.00 106.00 119.00 131.00 140.00 140.00 137.00 137.00 131.00 124.00 125.00 129.00 132.00 137.00 145.00 155.00 167.00 169.00 161.00 148.00 137.00 132.00 129.00 128.00 126.00 127.00 133.00 140.00 141.00 146.00 154.00 159.00 162.00 157.00 148.00 139.00 130.00 124.00 120.00 123.00 132.00 137.00 141.00 144.00 142.00 138.00 132.00 123.00 114.00 104.00 96.00 92.00 87.00 88.00 100.00 109.00 119.00 132.00 140.00 136.00 129.00 127.00 130.00 134.00 132.00 137.00 145.00
157.00 157.00 146.00 135.00 131.00 131.00 129.00 140.00 139.00 123.00 101.00 87.00 94.00 108.00 119.00 124.00 128.00 135.00 137.00 132.00 129.00 131.00 133.00 131.00 131.00 138.00 151.00 158.00 156.00 148.00 141.00 137.00 134.00 135.00 137.00 144.00 152.00 157.00 156.00 158.00 165.00 166.00 158.00 147.00 138.00 132.00 128.00 128.00 129.00 130.00 135.00 139.00 138.00 139.00 137.00 135.00 130.00 120.00 112.00 105.00 95.00 89.00 88.00 86.00 90.00 104.00 113.00 121.00 133.00 145.00 146.00 145.00 148.00 149.00 152.00 150.00 151.00 150.00
170.00 159.00 152.00 151.00 146.00 141.00 143.00 140.00 123.00 107.00 93.00 88.00 97.00 105.00 106.00 108.00 113.00 118.00 122.00 126.00 131.00 136.00 139.00 140.00 140.00 140.00 145.00 149.00 151.00 152.00 150.00 148.00 145.00 145.00 151.00 167.00 173.00 168.00 169.00 171.00 164.00 153.00 144.00 138.00 133.00 133.00 135.00 132.00 127.00 119.00 111.00 106.00 104.00 105.00 104.00 102.00 97.00 93.00 90.00 94.00 102.00 104.00 97.00 91.00 103.00 116.00 126.00 138.00 147.00 158.00 160.00 159.00 161.00 161.00 162.00 163.00 161.00 158.00
183.00 178.00 176.00 167.00 158.00 150.00 142.00 135.00 119.00 101.00 90.00 88.00 95.00 97.00 101.00 106.00 111.00 116.00 122.00 130.00 140.00 148.00 151.00 151.00 148.00 147.00 150.00 154.00 161.00 170.00 173.00 171.00 167.00 164.00 162.00 173.00 180.00 183.00 180.00 165.00 151.00 144.00 140.00 138.00 137.00 135.00 126.00 115.00 109.00 101.00 94.00 93.00 97.00 103.00 105.00 104.00 104.00 101.00 104.00 115.00 120.00 110.00 97.00 111.00 121.00 125.00 132.00 142.00 154.00 172.00 176.00 178.00 177.00 178.00 178.00 173.00 167.00 161.00
175.00 172.00 165.00 157.00 149.00 139.00 127.00 118.00 108.00 99.00 92.00 89.00 93.00 95.00 100.00 104.00 109.00 115.00 121.00 130.00 144.00 160.00 167.00 167.00 163.00 159.00 164.00 165.00 173.00 187.00 197.00 194.00 185.00 185.00 198.00 205.00 198.00 179.00 160.00 149.00 145.00 143.00 141.00 135.00 122.00 111.00 103.00 100.00 99.00 97.00 103.00 110.00 116.00 121.00 121.00 117.00 110.00 115.00 128.00 133.00 124.00 107.00 99.00 118.00 132.00 136.00 140.00 144.00 153.00 176.00 196.00 199.00 197.00 195.00 186.00 176.00 169.00 155.00
155.00 155.00 145.00 138.00 135.00 134.00 127.00 121.00 114.00 103.00 92.00 90.00 97.00 107.00 115.00 119.00 124.00 130.00 138.00 145.00 154.00 166.00 178.00 185.00 185.00 182.00 186.00 195.00 208.00 219.00 222.00 216.00 210.00 213.00 216.00 200.00 177.00 153.00 143.00 140.00 137.00 131.00 119.00 115.00 114.00 111.00 108.00 104.00 100.00 106.00 117.00 125.00 127.00 125.00 123.00 120.00 124.00 133.00 133.00 124.00 109.00 99.00 105.00 120.00 136.00 148.00 154.00 157.00 161.00 172.00 193.00 209.00 209.00 196.00 170.00 146.00 138.00 134.00
154.00 151.00 146.00 141.00 135.00 127.00 121.00 117.00 110.00 101.00 95.00 101.00 111.00 115.00 116.00 117.00 122.00 127.00 133.00 142.00 156.00 169.00 181.00 193.00 200.00 205.00 212.00 223.00 231.00 234.00 230.00 223.00 219.00 215.00 197.00 170.00 150.00 138.00 131.00 130.00 136.00 134.00 128.00 123.00 114.00 108.00 104.00 106.00 113.00 120.00 124.00 132.00 134.00 133.00 134.00 133.00 134.00 131.00 122.00 113.00 104.00 106.00 119.00 133.00 151.00 165.00 170.00 171.00 176.00 183.00 191.00 191.00 174.00 153.00 132.00 116.00 106.00 99.00
142.00 139.00 134.00 130.00 126.00 120.00 112.00 108.00 105.00 100.00 95.00 93.00 99.00 105.00 111.00 116.00 123.00 130.00 137.00 146.00 157.00 169.00 177.00 183.00 191.00 197.00 203.00 205.00 203.00 196.00 187.00 178.00 173.00 166.00 155.00 143.00 137.00 136.00 136.00 144.00 148.00 143.00 137.00 128.00 116.00 109.00 119.00 131.00 136.00 139.00 138.00 142.00 144.00 139.00 134.00 131.00 124.00 118.00 115.00 110.00 104.00 109.00 127.00 141.00 153.00 165.00 168.00 172.00 177.00 175.00 165.00 142.00 114.00 99.00 90.00 90.00 91.00 96.00
129.00 123.00 117.00 114.00 114.00 111.00 106.00 102.00 97.00 96.00 98.00 95.00 91.00 95.00 103.00 111.00 118.00 125.00 133.00 141.00 145.00 150.00 155.00 161.00 170.00 180.00 188.00 187.00 176.00 170.00 164.00 158.00 153.00 148.00 148.00 149.00 144.00 144.00 150.00 152.00 147.00 141.00 132.00 124.00 116.00 119.00 136.00 148.00 156.00 157.00 158.00 159.00 151.00 139.00 130.00 125.00 128.00 131.00 128.00 119.00 108.00 110.00 129.00 141.00 150.00 159.00 167.00 172.00 169.00 154.00 132.00 115.00 101.00 89.00 86.00 102.00 119.00 131.00
130.00 122.00 117.00 114.00 112.00 112.00 110.00 104.00 100.00 102.00 101.00 97.00 94.00 95.00 100.00 105.00 112.00 118.00 122.00 127.00 138.00 148.00 159.00 173.00 183.00 188.00 188.00 184.00 172.00 165.00 168.00 164.00 157.00 158.00 159.00 153.00 152.00 161.00 168.00 167.00 159.00 144.00 134.00 135.00 129.00 144.00 167.00 175.00 179.00 177.00 171.00 161.00 146.00 134.00 131.00 135.00 138.00 138.00 131.00 120.00 109.00 108.00 124.00 142.00 155.00 164.00 170.00 169.00 164.00 149.00 125.00 104.00 91.00 84.00 84.00 105.00 128.00 136.00
137.00 131.00 128.00 125.00 120.00 117.00 113.00 110.00 110.00 109.00 104.00 99.00 95.00 93.00 100.00 110.00 114.00 114.00 117.00 125.00 139.00 152.00 163.00 172.00 175.00 174.00 177.00 174.00 162.00 162.00 170.00 171.00 167.00 165.00 165.00 165.00 169.00 175.00 176.00 167.00 155.00 147.00 144.00 138.00 136.00 159.00 172.00 179.00 185.00 181.00 172.00 155.00 146.00 142.00 135.00 131.00 131.00 125.00 118.00 112.00 107.00 115.00 133.00 147.00 157.00 165.00 165.00 158.00 145.00 131.00 113.00 98.00 92.00 92.00 86.00 95.00 112.00 119.00
157.00 155.00 153.00 149.00 141.00 129.00 121.00 123.00 122.00 115.00 109.00 103.00 98.00 98.00 103.00 108.00 112.00 119.00 128.00 138.00 150.00 157.00 157.00 155.00 152.00 155.00 157.00 155.00 154.00 158.00 161.00 159.00 156.00 159.00 164.00 168.00 174.00 177.00 170.00 159.00 148.00 139.00 134.00 128.00 126.00 137.00 148.00 164.00 176.00 182.00 182.00 174.00 162.00 146.00 132.00 123.00 122.00 121.00 118.00 116.00 112.00 119.00 133.00 147.00 160.00 165.00 160.00 145.00 130.00 119.00 117.00 115.00 114.00 109.00 96.00 102.00 128.00 140.00
176.00 175.00 168.00 161.00 153.00 144.00 137.00 134.00 127.00 120.00 113.00 106.00 101.00 103.00 109.00 114.00 119.00 126.00 134.00 142.00 146.00 144.00 140.00 134.00 134.00 138.00 137.00 137.00 142.00 144.00 145.00 146.00 149.00 154.00 160.00 166.00 168.00 162.00 150.00 141.00 135.00 130.00 128.00 128.00 137.00 144.00 152.00 165.00 176.00 187.00 189.00 178.00 159.00 141.00 128.00 125.00 128.00 126.00 120.00 114.00 114.00 122.00 134.00 156.00 177.00 178.00 166.00 159.00 151.00 145.00 141.00 133.00 123.00 111.00 93.00 96.00 122.00 140.00
162.00 161.00 158.00 156.00 152.00 146.00 140.00 136.00 131.00 124.00 114.00 104.00 105.00 111.00 114.00 116.00 118.00 124.00 132.00 136.00 133.00 129.00 125.00 124.00 126.00 129.00 134.00 138.00 142.00 146.00 149.00 150.00 152.00 156.00 160.00 160.00 151.00 143.00 140.00 141.00 141.00 138.00 140.00 139.00 141.00 149.00 160.00 173.00 181.00 179.00 169.00 153.00 140.00 132.00 131.00 131.00 128.00 122.00 115.00 117.00 128.00 142.00 156.00 172.00 185.00 186.00 179.00 171.00 156.00 140.00 128.00 118.00 113.00 106.00 94.00 103.00 115.00 127.00
140.00 147.00 152.00 151.00 145.00 139.00 133.00 129.00 127.00 120.00 113.00 105.00 107.00 109.00 111.00 115.00 119.00 123.00 127.00 126.00 123.00 122.00 124.00 127.00 131.00 135.00 139.00 144.00 151.00 156.00 159.00 160.00 159.00 161.00 160.00 154.00 147.00 143.00 146.00 151.00 151.00 149.00 150.00 153.00 147.00 143.00 152.00 163.00 169.00 161.00 154.00 149.00 144.00 141.00 135.00 129.00 124.00 120.00 124.00 132.00 144.00 156.00 166.00 176.00 179.00 171.00 159.00 151.00 141.00 131.00 125.00 123.00 122.00 113.00 119.00 138.00 145.00 151.00
142.00 149.00 151.00 144.00 136.00 130.00 123.00 118.00 113.00 108.00 107.00 107.00 106.00 108.00 109.00 111.00 115.00 119.00 121.00 118.00 117.00 122.00 130.00 136.00 138.00 142.00 145.00 151.00 156.00 163.00 167.00 168.00 168.00 166.00 160.00 155.00 152.00 149.00 152.00 159.00 163.00 163.00 162.00 155.00 145.00 143.00 152.00 164.00 171.00 170.00 164.00 158.00 152.00 141.00 129.00 123.00 120.00 121.00 124.00 131.00 141.00 152.00 163.00 170.00 166.00 154.00 147.00 147.00 142.00 132.00 123.00 112.00 100.00 107.00 128.00 143.00 147.00 150.00
161.00 165.00 158.00 141.00 127.00 119.00 114.00 109.00 108.00 109.00 111.00 113.00 114.00 112.00 109.00 109.00 111.00 114.00 118.00 117.00 121.00 125.00 128.00 132.00 137.00 142.00 146.00 152.00 160.00 167.00 175.00 180.00 180.00 175.00 168.00 163.00 159.00 160.00 166.00 175.00 178.00 173.00 160.00 151.00 154.00 161.00 164.00 170.00 179.00 173.00 158.00 148.00 141.00 134.00 131.00 130.00 128.00 132.00 138.00 143.00 150.00 157.00 159.00 153.00 141.00 132.00 132.00 134.00 130.00 119.00 107.00 98.00 101.00 108.00 116.00 130.00 136.00 141.00
181.00 191.00 182.00 157.00 138.00 128.00 119.00 113.00 115.00 118.00 122.00 124.00 121.00 116.00 116.00 119.00 121.00 118.00 116.00 118.00 123.00 129.00 133.00 139.00 144.00 146.00 151.00 160.00 171.00 183.00 196.00 203.00 200.00 191.00 180.00 175.00 173.00 176.00 187.00 195.00 195.00 182.00 167.00 171.00 180.00 191.00 194.00 195.00 190.00 177.00 162.00 160.00 172.00 177.00 175.00 162.00 150.00 157.00 168.00 171.00 164.00 154.00 145.00 135.00 124.00 116.00 116.00 119.00 114.00 113.00 107.00 113.00 130.00 132.00 122.00 121.00 129.00 138.00
181.00 200.00 194.00 178.00 176.00 166.00 152.00 148.00 144.00 139.00 137.00 131.00 124.00 122.00 126.00 132.00 134.00 127.00 122.00 130.00 137.00 140.00 144.00 153.00 163.00 168.00 173.00 185.00 200.00 213.00 223.00 225.00 216.00 201.00 200.00 200.00 195.00 200.00 205.00 199.00 187.00 179.00 183.00 193.00 206.00 218.00 226.00 220.00 206.00 191.00 179.00 192.00 210.00 210.00 198.00 183.00 179.00 188.00 180.00 161.00 148.00 139.00 133.00 127.00 121.00 121.00 119.00 114.00 110.00 106.00 119.00 142.00 149.00 149.00 138.00 125.00 137.00 164.00
170.00 190.00 195.00 187.00 172.00 161.00 172.00 186.00 186.00 180.00 170.00 157.00 145.00 148.00 152.00 156.00 159.00 150.00 137.00 142.00 150.00 153.00 156.00 160.00 165.00 170.00 176.00 189.00 214.00 234.00 232.00 227.00 221.00 215.00 219.00 219.00 218.00 220.00 213.00 202.00 191.00 186.00 202.00 215.00 223.00 228.00 230.00 228.00 217.00 203.00 195.00 205.00 222.00 223.00 219.00 212.00 199.00 187.00 171.00 152.00 139.00 135.00 131.00 128.00 126.00 120.00 117.00 115.00 115.00 110.00 126.00 146.00 155.00 152.00 137.00 130.00 148.00 174.00
159.00 177.00 185.00 181.00 176.00 176.00 183.00 196.00 199.00 189.00 176.00 165.00 166.00 171.00 173.00 175.00 174.00 162.00 146.00 145.00 150.00 153.00 154.00 159.00 164.00 173.00 185.00 199.00 219.00 240.00 258.00 255.00 244.00 239.00 250.00 244.00 230.00 215.00 205.00 196.00 190.00 185.00 187.00 202.00 209.00 213.00 221.00 222.00 215.00 213.00 214.00 214.00 216.00 217.00 218.00 209.00 189.00 171.00 164.00 158.00 151.00 149.00 145.00 135.00 126.00 122.00 125.00 127.00 122.00 113.00 127.00 143.00 146.00 147.00 142.00 151.00 168.00 189.00
153.00 184.00 193.00 198.00 199.00 202.00 205.00 204.00 198.00 187.00 174.00 168.00 163.00 162.00 159.00 158.00 156.00 149.00 149.00 150.00 152.00 161.00 169.00 175.00 183.00 194.00 210.00 230.00 246.00 252.00 264.00 270.00 264.00 260.00 256.00 239.00 224.00 215.00 210.00 202.00 192.00 190.00 191.00 195.00 200.00 210.00 214.00 206.00 200.00 201.00 204.00 202.00 193.00 189.00 192.00 191.00 186.00 181.00 178.00 172.00 166.00 162.00 152.00 141.00 137.00 136.00 132.00 126.00 118.00 112.00 118.00 128.00 137.00 143.00 144.00 160.00 185.00 210.00
148.00 179.00 201.00 210.00 217.00 221.00 216.00 203.00 190.00 183.00 179.00 170.00 169.00 168.00 165.00 166.00 160.00 156.00 163.00 161.00 160.00 166.00 180.00 195.00 214.00 227.00 236.00 255.00 275.00 280.00 277.00 276.00 277.00 274.00 268.00 259.00 246.00 230.00 217.00 213.00 211.00 211.00 212.00 214.00 216.00 217.00 213.00 205.00 197.00 189.00 192.00 193.00 188.00 179.00 172.00 174.00 174.00 170.00 167.00 162.00 156.00 152.00 152.00 150.00 144.00 137.00 128.00 119.00 113.00 114.00 122.00 134.00 141.00 144.00 145.00 148.00 162.00 186.00
151.00 169.00 187.00 196.00 208.00 213.00 200.00 187.00 185.00 191.00 193.00 183.00 177.00 175.00 175.00 176.00 172.00 169.00 172.00 178.00 182.00 190.00 202.00 217.00 242.00 272.00 283.00 280.00 275.00 269.00 266.00 258.00 254.00 260.00 270.00 279.00 280.00 274.00 255.00 238.00 228.00 221.00 218.00 214.00 209.00 201.00 192.00 189.00 191.00 193.00 193.00 184.00 173.00 170.00 171.00 169.00 162.00 154.00 150.00 146.00 142.00 142.00 149.00 151.00 144.00 135.00 125.00 118.00 118.00 122.00 124.00 127.00 134.00 140.00 144.00 149.00 157.00 181.00
195.00 204.00 207.00 202.00 206.00 209.00 198.00 189.00 191.00 195.00 194.00 189.00 188.00 192.00 193.00 192.00 192.00 192.00 190.00 198.00 205.00 208.00 208.00 216.00 236.00 262.00 277.00 280.00 274.00 255.00 235.00 239.00 264.00 285.00 296.00 311.00 323.00 320.00 299.00 270.00 247.00 227.00 212.00 205.00 200.00 196.00 204.00 213.00 220.00 223.00 217.00 207.00 197.00 199.00 215.00 216.00 199.00 180.00 165.00 158.00 149.00 140.00 139.00 139.00 135.00 131.00 128.00 129.00 132.00 133.00 133.00 135.00 137.00 144.00 149.00 154.00 169.00 199.00
201.00 202.00 209.00 212.00 216.00 214.00 202.00 197.00 202.00 209.00 210.00 206.00 202.00 198.00 190.00 187.00 191.00 196.00 202.00 203.00 197.00 192.00 186.00 194.00 209.00 226.00 236.00 237.00 236.00 229.00 217.00 222.00 249.00 277.00 303.00 324.00 340.00 343.00 334.00 310.00 281.00 251.00 236.00 227.00 216.00 207.00 223.00 234.00 235.00 235.00 236.00 228.00 214.00 214.00 226.00 230.00 223.00 207.00 186.00 172.00 163.00 159.00 155.00 153.00 152.00 150.00 150.00 154.00 153.00 148.00 147.00 149.00 152.00 158.00 162.00 166.00 168.00 184.00
174.00 185.00 207.00 214.00 218.00 216.00 206.00 202.00 204.00 209.00 212.00 208.00 208.00 209.00 200.00 188.00 182.00 185.00 182.00 181.00 176.00 167.00 173.00 188.00 203.00 213.00 212.00 208.00 207.00 207.00 209.00 222.00 236.00 248.00 262.00 281.00 299.00 314.00 331.00 336.00 321.00 302.00 284.00 259.00 233.00 215.00 212.00 216.00 228.00 239.00 246.00 241.00 234.00 239.00 239.00 233.00 222.00 211.00 203.00 200.00 198.00 188.00 181.00 184.00 180.00 184.00 188.00 187.00 177.00 168.00 168.00 170.00 176.00 184.00 186.00 179.00 173.00 184.00
164.00 182.00 202.00 216.00 217.00 207.00 193.00 190.00 198.00 203.00 202.00 199.00 193.00 194.00 194.00 189.00 178.00 170.00 165.00 166.00 161.00 156.00 158.00 165.00 177.00 187.00 189.00 190.00 191.00 193.00 202.00 213.00 219.00 226.00 236.00 250.00 278.00 314.00 334.00 333.00 327.00 319.00 309.00 296.00 275.00 251.00 236.00 225.00 231.00 246.00 267.00 285.00 291.00 287.00 273.00 274.00 269.00 262.00 261.00 264.00 259.00 247.00 245.00 245.00 254.00 261.00 261.00 250.00 239.00 218.00 206.00 198.00 197.00 200.00 194.00 189.00 187.00 193.00
172.00 188.00 211.00 227.00 224.00 212.00 199.00 191.00 191.00 197.00 189.00 182.00 181.00 174.00 173.00 166.00 155.00 155.00 159.00 167.00 178.00 181.00 175.00 170.00 169.00 169.00 174.00 179.00 187.00 198.00 207.00 212.00 215.00 222.00 237.00 251.00 268.00 296.00 318.00 321.00 317.00 310.00 300.00 288.00 276.00 264.00 260.00 252.00 242.00 257.00 279.00 294.00 304.00 307.00 305.00 308.00 311.00 311.00 312.00 308.00 302.00 294.00 284.00 280.00 279.00 274.00 271.00 266.00 257.00 250.00 265.00 274.00 266.00 245.00 221.00 207.00 200.00 202.00
190.00 210.00 228.00 235.00 229.00 224.00 222.00 214.00 197.00 178.00 176.00 178.00 168.00 158.00 154.00 149.00 152.00 169.00 186.00 203.00 213.00 208.00 196.00 190.00 184.00 181.00 187.00 193.00 197.00 204.00 216.00 227.00 233.00 232.00 233.00 242.00 259.00 278.00 295.00 301.00 301.00 295.00 297.00 295.00 295.00 297.00 295.00 284.00 267.00 260.00 260.00 263.00 271.00 275.00 276.00 279.00 283.00 289.00 291.00 286.00 283.00 277.00 271.00 271.00 270.00 263.00 258.00 259.00 261.00 265.00 272.00 279.00 287.00 292.00 278.00 252.00 226.00 211.00
190.00 207.00 225.00 233.00 238.00 233.00 223.00 209.00 187.00 171.00 179.00 183.00 164.00 144.00 149.00 165.00 177.00 184.00 189.00 200.00 214.00 221.00 222.00 218.00 211.00 205.00 208.00 211.00 214.00 222.00 221.00 213.00 210.00 216.00 225.00 232.00 245.00 264.00 278.00 274.00 270.00 276.00 290.00 298.00 297.00 297.00 298.00 290.00 282.00 280.00 278.00 274.00 271.00 269.00 271.00 274.00 277.00 277.00 274.00 268.00 263.00 263.00 260.00 266.00 269.00 262.00 253.00 257.00 264.00 265.00 262.00 258.00 261.00 269.00 279.00 282.00 273.00 252.00
191.00 209.00 219.00 218.00 218.00 202.00 183.00 174.00 161.00 158.00 178.00 187.00 171.00 152.00 174.00 187.00 185.00 178.00 178.00 184.00 191.00 201.00 214.00 226.00 230.00 231.00 232.00 226.00 210.00 203.00 204.00 200.00 193.00 195.00 198.00 204.00 218.00 236.00 250.00 251.00 276.00 293.00 298.00 298.00 298.00 296.00 291.00 289.00 287.00 279.00 275.00 284.00 289.00 291.00 289.00 282.00 273.00 265.00 261.00 255.00 250.00 251.00 252.00 260.00 260.00 253.00 246.00 249.00 251.00 247.00 248.00 250.00 252.00 255.00 259.00 266.00 271.00 272.00
193.00 193.00 206.00 214.00 203.00 191.00 185.00 180.00 169.00 157.00 159.00 164.00 155.00 150.00 170.00 179.00 171.00 167.00 173.00 180.00 185.00 188.00 193.00 201.00 206.00 209.00 206.00 202.00 199.00 191.00 183.00 179.00 182.00 197.00 215.00 231.00 245.00 249.00 244.00 248.00 265.00 279.00 282.00 281.00 284.00 287.00 286.00 285.00 279.00 267.00 263.00 269.00 274.00 284.00 291.00 296.00 294.00 283.00 270.00 257.00 247.00 248.00 258.00 264.00 261.00 253.00 244.00 236.00 238.00 252.00 267.00 274.00 276.00 274.00 271.00 271.00 276.00 280.00
178.00 175.00 190.00 207.00 209.00 199.00 193.00 189.00 183.00 180.00 170.00 150.00 147.00 164.00 171.00 168.00 161.00 167.00 176.00 185.00 194.00 201.00 204.00 200.00 190.00 183.00 179.00 178.00 175.00 173.00 166.00 166.00 177.00 190.00 208.00 234.00 254.00 266.00 278.00 280.00 274.00 267.00 259.00 258.00 262.00 265.00 264.00 266.00 268.00 267.00 259.00 251.00 254.00 266.00 282.00 291.00 296.00 293.00 285.00 275.00 257.00 254.00 263.00 258.00 255.00 252.00 243.00 233.00 248.00 279.00 308.00 326.00 327.00 313.00 303.00 297.00 294.00 290.00
