data/test/data/MeshRefinementTests/gebcoIntegers.asc
ncols         312
nrows         240
xllcenter       -1.24791667
yllcenter       48.85208333
cellsize         0.00416666667
NODATA_value   32767.00
[rows 116 to 173 of 240, columns 0 to 95 of 312]
14 20 17 13 14 15 15 15 14 13 12 9 7 5 3 1 2 -30 -36 -36 -33 -32 -31 -26 -20 -15 -9 -18 -25 -30 -31 -23 2 1 1 1 2 6 10 12 13 16 20 23 25 24 24 26 27 29 30 29 28 26 21 19 25 28 30 30 29 22 13 9 11 12 9 9 9 10 14 14 13 16 19 22 27 31 34 40 44 46 47 48 48 48 47 42 35 41 43 39 26 17 13 14
8 9 4 3 4 6 8 11 10 8 7 6 4 3 1 -13 -23 -31 -37 -34 -29 2 2 1 1 2 -18 -23 -28 -31 -30 1 1 1 1 2 5 11 14 16 17 19 22 26 27 27 27 28 29 29 30 30 29 27 25 22 26 29 30 30 29 26 22 17 17 14 14 15 15 15 17 17 15 15 16 15 15 17 19 25 34 41 45 49 51 50 48 47 44 44 46 46 43 50 48 40
4 2 1 0 1 1 2 3 3 2 1 1 1 1 2 1 -23 -31 0 1 1 1 1 1 1 1 1 1 -33 -34 -32 2 1 0 1 2 6 14 17 18 19 21 24 27 29 29 30 30 30 31 31 30 30 29 28 26 27 29 30 30 30 29 28 27 27 26 28 29 27 26 25 23 22 21 21 17 18 21 19 20 24 30 39 50 55 55 54 54 55 55 55 53 53 57 58 53
3 1 0 0 1 0 1 1 1 1 1 2 1 2 1 1 -20 0 1 1 1 1 1 1 1 1 0 0 1 1 -31 1 0 1 1 1 7 13 14 15 18 22 25 28 29 31 32 32 32 33 33 33 32 31 30 30 28 28 29 29 30 30 31 32 33 33 34 36 38 39 38 37 31 32 37 35 27 25 21 20 23 28 37 51 60 61 61 61 62 62 62 61 61 63 63 56
4 1 1 1 1 1 0 0 1 2 1 2 1 1 1 1 0 1 1 1 1 1 1 1 1 1 1 0 0 0 1 1 1 1 1 2 7 9 11 16 22 26 27 28 30 30 32 33 34 35 34 33 32 32 31 30 29 27 27 28 29 30 31 33 34 33 34 37 39 41 42 42 43 45 45 37 30 26 24 24 26 33 47 55 58 56 57 59 63 66 68 69 70 70 68 63
1 0 1 1 1 1 1 1 1 2 1 1 1 1 1 1 1 1 1 2 2 2 2 2 1 1 1 1 0 0 0 1 0 1 1 5 11 14 17 20 22 26 27 22 20 23 29 34 36 36 35 35 34 34 33 33 30 26 25 29 33 34 33 33 34 34 35 37 37 35 36 38 43 46 47 43 37 31 29 29 31 36 41 43 41 38 39 44 52 63 71 74 75 74 73 73
1 1 1 1 1 1 1 1 1 1 1 1 1 1 1 2 2 2 1 1 2 2 2 1 1 1 1 1 1 1 1 -24 0 1 1 6 12 15 18 20 17 21 25 19 17 23 29 32 31 30 29 31 31 28 26 26 27 25 22 20 19 19 20 24 30 34 36 36 34 32 32 35 38 40 41 42 39 36 34 35 34 32 29 28 28 29 33 37 43 51 63 73 77 77 77 76
1 1 1 1 0 1 1 1 1 1 1 2 3 5 6 5 4 2 2 2 2 1 1 1 2 1 1 1 1 1 0 -26 0 0 1 2 7 12 12 9 10 20 21 14 9 10 15 16 16 17 20 20 17 14 11 13 16 17 21 20 15 11 8 11 16 19 21 21 24 31 35 37 36 36 38 40 37 34 32 32 30 27 25 28 31 32 34 36 39 46 54 61 65 63 57 57
1 1 1 1 1 1 1 1 1 2 6 12 19 22 23 21 18 10 5 3 3 2 2 2 2 1 1 1 1 0 1 0 0 1 2 2 4 8 6 4 9 14 9 7 5 4 6 6 9 14 17 15 15 12 8 7 11 14 13 10 9 5 4 6 10 14 14 9 8 12 17 22 28 36 40 41 39 37 33 25 22 28 31 34 38 38 39 40 40 42 44 45 44 41 36 34
1 1 1 1 1 1 1 1 1 1 1 4 8 11 14 18 21 17 6 1 1 1 1 1 1 1 1 0 0 1 1 1 0 1 1 1 1 2 3 3 4 3 1 2 2 0 0 0 0 3 3 2 4 3 1 0 2 2 0 0 0 2 3 4 5 7 7 3 2 4 9 13 15 22 30 36 36 30 21 24 32 39 40 40 42 45 46 47 48 46 44 40 33 29 19 11
1 1 1 1 1 1 1 1 1 1 1 1 1 1 2 8 13 8 1 0 1 1 1 1 1 1 1 1 1 0 0 0 0 1 1 2 2 3 3 1 1 1 1 0 0 0 0 -1 -1 -1 -1 -1 -1 -1 -1 -1 -1 0 -1 -1 -1 -1 0 1 0 0 0 0 0 3 5 7 7 9 15 17 15 11 12 21 19 27 46 51 52 54 54 53 50 45 38 33 30 26 14 11
1 2 2 1 1 1 1 1 1 1 2 1 1 1 2 3 3 4 4 3 5 8 8 4 2 1 2 1 1 0 0 0 1 2 4 5 4 2 1 1 0 0 -1 -1 -1 -1 -1 -1 -1 -1 -1 -1 -1 -1 -1 -1 -1 -1 -1 -1 -1 -1 -1 -1 0 0 0 0 0 0 1 2 6 15 20 21 17 12 6 3 2 6 26 42 46 39 32 32 25 16 11 10 11 9 11 22
2 1 1 2 1 1 2 3 5 7 8 8 11 10 12 11 14 18 18 15 16 18 17 12 5 2 1 1 1 1 1 2 3 5 8 7 4 2 2 0 1 0 -1 -1 -1 -1 0 1 3 5 2 0 0 0 0 -1 -1 -1 -1 -1 -1 -1 -1 -1 0 -1 -1 0 0 0 0 0 3 6 8 14 14 6 4 3 3 2 4 12 17 9 7 6 5 7 14 22 23 22 28 35
1 1 2 3 2 2 5 9 14 19 21 24 25 24 23 23 25 25 23 23 24 22 16 10 8 4 1 1 2 7 11 12 14 17 19 16 11 12 12 10 7 4 3 3 2 1 2 12 24 28 24 17 9 3 1 0 0 0 -1 0 0 -1 -1 0 0 0 1 -1 -1 0 -1 0 0 0 0 1 1 1 2 7 9 6 7 7 9 13 14 10 5 10 24 34 39 41 43 44
6 6 4 3 3 7 11 15 19 23 25 27 28 28 28 28 29 29 28 26 24 20 17 14 12 3 1 1 5 12 19 22 24 24 25 21 19 23 27 28 21 13 10 9 8 5 5 11 18 23 25 23 18 13 7 4 1 1 4 4 3 1 0 1 4 6 4 0 0 0 0 0 0 0 1 0 1 5 10 15 18 18 18 20 24 25 23 24 22 28 37 41 48 51 50 46
14 9 4 2 3 10 18 21 20 18 20 24 27 29 30 30 29 29 28 28 26 23 22 22 13 2 0 1 2 4 15 26 28 29 28 24 23 28 31 33 31 22 17 18 14 9 7 12 23 30 26 22 27 27 14 5 2 3 8 11 9 6 4 3 4 6 6 6 7 6 3 3 7 6 4 1 2 3 3 6 13 21 25 25 25 29 36 44 49 50 48 48 53 54 52 52
24 19 7 1 0 1 4 5 4 4 12 20 24 28 31 32 31 30 29 28 26 27 26 22 10 2 0 1 1 2 5 13 19 23 28 29 27 32 34 33 28 21 20 18 16 15 18 21 25 33 35 34 36 33 19 10 5 4 9 12 13 12 10 9 10 13 15 16 14 11 11 12 13 9 5 2 3 7 5 2 4 8 14 22 29 32 38 50 60 60 57 58 59 60 61 61
23 12 3 0 -1 0 0 0 0 3 11 15 18 22 22 18 18 19 21 26 29 28 22 10 3 1 1 0 1 2 1 2 7 17 26 30 30 31 33 33 31 30 28 26 28 28 32 34 34 33 35 37 38 34 25 16 8 7 11 14 17 16 15 14 16 19 20 19 17 17 19 20 17 10 7 8 6 9 11 5 2 2 4 14 28 34 39 45 51 55 60 63 65 67 69 69
12 4 1 0 0 0 0 0 0 0 0 0 1 2 3 4 7 8 10 14 18 16 8 2 1 1 1 1 2 2 2 2 3 9 22 31 33 34 35 37 37 36 32 32 35 38 41 43 42 39 37 35 32 28 23 14 7 5 11 15 17 19 21 24 26 25 25 25 25 23 23 23 17 10 9 13 10 7 6 5 5 4 4 7 15 24 28 28 30 37 49 62 69 71 72 71
1 0 0 0 0 0 0 0 0 -1 0 0 0 0 4 10 14 14 14 18 23 25 20 11 4 1 0 0 1 1 1 2 8 21 29 34 34 35 36 37 39 39 36 32 33 37 41 43 44 43 37 29 23 19 15 12 6 6 9 14 18 24 28 31 33 32 33 34 33 30 28 25 18 13 9 11 10 9 9 10 8 9 11 11 8 7 6 7 15 30 40 53 64 65 61 59
0 0 0 0 1 0 0 0 0 0 0 0 1 5 16 26 31 31 31 33 34 33 30 24 16 10 6 2 1 1 1 2 10 26 31 32 34 35 36 36 37 38 37 35 35 36 38 40 42 39 32 24 18 15 13 10 8 10 11 15 20 25 28 32 34 34 36 36 34 31 26 23 22 16 12 15 14 14 15 16 14 11 12 15 14 15 12 8 9 22 36 47 51 46 44 46
0 0 1 1 0 0 0 0 0 0 1 5 8 13 21 30 33 35 35 35 34 34 33 31 29 23 14 4 1 1 1 1 5 17 27 32 34 33 31 33 34 36 38 40 39 38 38 37 35 30 26 25 22 17 14 14 16 19 21 21 24 29 31 32 34 36 36 36 34 32 30 31 25 17 25 29 27 22 21 23 23 19 18 20 18 18 16 13 9 14 27 35 34 32 33 31
1 0 1 1 0 0 0 0 5 10 17 24 28 29 30 32 34 33 32 33 33 34 33 29 26 21 16 7 1 1 1 1 2 7 18 26 28 24 22 26 30 35 40 43 43 41 39 37 35 35 35 29 21 22 23 25 30 30 31 35 39 38 39 41 42 42 43 42 39 38 38 35 24 24 36 38 34 30 31 34 35 34 30 27 23 20 18 20 15 12 16 21 19 16 14 15
1 0 0 0 0 0 0 0 0 2 6 14 22 27 30 32 31 27 27 30 32 32 32 29 22 16 10 4 1 1 1 1 1 1 3 7 15 25 30 31 33 37 41 44 45 46 45 43 40 38 34 29 25 28 33 37 37 35 38 50 56 56 56 57 54 50 50 49 47 48 48 38 25 38 46 43 42 42 41 43 45 42 36 32 27 22 23 23 21 20 16 13 16 17 16 16
1 0 0 0 0 0 0 0 0 0 0 2 7 11 16 21 18 14 22 26 22 20 21 24 23 18 10 3 0 1 0 1 1 1 1 2 7 18 25 30 38 42 43 45 49 52 50 45 40 36 33 28 27 33 40 43 41 38 40 49 55 55 51 48 45 47 54 53 45 39 36 24 27 48 59 58 54 53 50 48 47 45 39 33 31 32 33 31 28 25 22 18 19 20 20 21
0 1 0 0 0 0 0 0 -1 0 0 1 1 0 1 5 4 10 13 10 8 8 10 10 8 8 8 5 2 1 1 1 1 0 0 0 1 4 12 21 26 29 32 40 49 52 49 45 42 38 36 34 34 37 41 44 44 44 45 49 49 45 41 40 38 38 37 34 30 29 26 21 19 31 51 60 60 62 63 62 57 49 44 39 41 46 47 42 35 31 27 21 21 20 21 27
1 1 1 0 0 0 0 0 1 2 3 6 3 0 0 0 0 0 0 0 1 0 2 2 3 6 8 8 3 1 1 1 1 0 0 0 1 1 2 5 10 17 28 41 44 41 43 47 46 44 43 42 43 42 43 45 48 49 52 56 56 50 45 42 40 38 36 34 33 31 27 21 20 22 29 37 48 65 74 72 65 55 45 38 38 46 51 49 43 35 29 26 25 24 23 26
4 8 6 3 1 0 0 0 0 0 5 15 10 2 0 0 0 0 0 0 -1 0 0 0 1 4 6 7 3 1 1 1 0 1 1 0 1 1 1 4 8 15 22 33 35 37 44 47 47 47 46 46 46 48 51 53 56 58 59 62 61 50 41 38 36 35 36 35 34 33 29 24 24 27 35 37 42 53 61 61 55 45 39 38 39 43 48 48 41 35 34 31 29 27 27 27
11 11 7 5 3 0 0 0 0 0 4 8 4 1 0 0 0 0 0 1 1 0 0 1 3 4 4 4 2 1 0 0 0 1 1 1 1 0 1 1 3 5 12 24 33 43 46 49 49 49 51 51 51 52 53 53 54 54 51 52 48 37 28 24 26 28 32 35 38 37 34 28 29 29 34 37 41 44 46 47 44 42 44 48 49 48 44 42 44 42 37 36 34 33 34 37
7 4 2 1 0 0 -1 0 1 7 16 13 5 1 0 0 0 0 2 5 3 2 2 4 7 9 8 3 1 1 0 0 2 1 1 1 0 1 1 1 3 8 17 29 40 44 47 50 52 55 58 58 54 46 37 32 32 31 33 34 28 22 22 24 24 26 30 35 38 37 33 29 31 36 39 37 36 39 41 44 46 49 55 63 60 51 53 54 51 46 44 44 46 44 46 52
5 2 0 0 0 0 0 0 1 8 11 10 9 4 3 2 3 4 7 6 4 5 7 9 13 16 16 8 3 1 1 3 6 4 1 1 0 0 1 1 3 12 32 43 40 44 52 54 54 52 53 51 41 30 21 15 14 19 25 22 18 21 24 26 26 28 32 36 37 33 29 28 32 38 42 40 40 44 50 56 60 64 67 66 57 60 62 58 55 53 51 55 58 53 54 60
8 3 0 0 0 0 0 0 3 6 9 14 16 15 14 13 14 17 15 11 9 9 17 22 25 31 32 24 14 10 8 11 15 9 3 2 1 2 2 2 2 3 17 28 25 33 38 37 33 28 26 20 14 11 11 12 12 15 15 16 21 26 28 29 30 32 35 36 36 34 32 36 40 44 44 47 54 58 62 68 72 74 70 58 57 63 63 60 62 63 61 64 63 60 64 69
2 0 0 0 0 0 0 1 5 12 18 21 23 22 25 27 30 33 31 27 19 15 20 30 37 41 41 39 28 17 14 22 20 10 7 8 5 2 2 2 2 4 3 5 6 10 14 13 12 10 7 8 11 13 14 14 15 17 16 16 20 24 26 29 31 30 30 33 36 39 49 55 59 57 53 57 60 63 66 70 72 69 62 59 62 67 70 71 74 75 73 71 67 68 72 75
0 0 0 0 0 0 2 4 6 10 15 18 21 25 30 34 38 40 39 35 32 32 32 34 36 39 43 42 38 35 30 27 23 21 19 11 5 3 2 2 3 5 6 4 2 3 6 7 7 5 5 5 6 9 11 11 13 16 17 16 17 19 21 22 24 25 29 36 39 45 63 69 70 65 57 59 63 69 74 75 74 70 66 67 73 78 81 83 86 86 83 78 75 75 81 82
0 0 0 1 2 1 2 4 4 7 12 19 20 19 23 29 35 40 41 39 38 39 39 41 41 42 43 44 43 41 41 41 41 40 30 18 15 10 5 3 4 8 10 8 3 5 11 13 10 6 5 6 8 9 11 12 15 18 19 19 19 20 24 27 30 38 48 58 58 51 59 67 71 67 62 63 69 73 76 78 79 77 71 74 81 86 90 91 94 96 92 86 87 88 91 87
1 2 4 6 4 1 0 2 8 11 8 9 8 9 13 20 32 38 40 42 43 43 43 43 43 43 44 45 44 44 43 40 36 33 27 20 21 14 5 3 4 10 14 13 7 7 15 18 16 17 16 15 13 14 15 17 21 23 23 25 23 23 26 30 36 51 62 66 64 58 54 57 63 68 69 67 69 73 78 81 84 85 84 79 80 92 95 94 97 100 98 96 99 104 103 97
4 6 6 4 2 1 1 1 4 12 16 17 14 13 18 22 27 35 41 43 43 43 44 42 37 39 43 45 46 45 41 37 35 30 26 20 13 5 2 2 5 16 29 29 18 12 20 30 34 36 37 36 28 24 24 27 30 30 31 31 30 31 32 37 40 42 47 51 57 63 60 56 59 68 70 71 71 74 80 87 93 96 95 92 89 88 92 96 101 105 109 114 115 116 111 104
4 5 5 6 7 7 4 6 13 23 29 25 19 21 27 31 32 33 35 37 40 42 37 32 36 39 42 45 47 47 44 44 45 41 35 30 22 6 2 4 10 22 34 37 34 23 16 14 19 27 33 35 36 37 39 41 40 38 38 39 41 39 41 47 48 50 52 55 61 67 68 66 63 64 69 73 77 79 84 93 99 103 102 99 93 89 94 97 101 111 120 125 128 127 116 108
13 12 12 13 14 11 11 24 30 35 36 32 28 32 37 36 35 33 31 31 32 31 26 27 29 34 41 45 47 49 49 50 48 45 43 38 20 5 3 9 16 22 30 38 41 39 36 32 27 19 19 28 31 34 35 36 38 37 41 45 47 48 50 54 56 59 61 64 69 74 76 76 75 69 70 74 79 84 89 98 101 105 110 109 101 98 99 108 112 113 123 127 125 123 115 109
19 19 19 19 17 10 14 26 33 36 39 35 30 28 28 26 30 30 26 25 21 17 17 20 23 26 30 36 41 45 50 52 49 45 38 26 13 5 9 22 30 31 31 33 31 31 31 34 39 39 35 31 30 31 30 37 41 40 37 42 46 47 53 57 61 67 69 70 72 76 81 83 83 78 72 74 79 85 90 96 104 111 114 116 117 119 118 115 118 121 124 126 127 128 125 120
18 19 21 20 14 6 5 10 14 16 19 20 17 14 12 14 19 19 15 13 12 14 17 21 25 28 33 40 46 49 49 47 45 40 32 22 11 8 15 24 31 37 36 29 24 25 29 33 36 41 44 41 41 47 44 43 47 47 49 53 55 50 44 51 64 69 72 75 78 81 84 86 86 84 78 82 83 87 93 99 104 109 112 116 119 122 125 127 127 123 125 129 135 135 124 113
3 9 18 17 8 6 9 6 4 3 2 4 6 6 7 9 10 10 8 9 13 18 24 29 31 35 38 42 47 49 47 43 40 34 29 24 15 19 27 31 35 36 29 21 21 27 34 37 39 43 46 47 47 50 52 48 44 46 51 57 61 60 56 54 53 54 59 68 76 79 80 82 86 88 86 90 92 90 94 98 102 110 119 123 123 123 128 134 132 129 130 134 134 124 110 100
2 7 16 21 20 17 15 12 9 6 4 4 3 4 5 5 5 6 7 9 15 23 28 32 37 43 44 44 47 50 49 45 39 33 28 20 13 22 30 33 27 21 18 18 23 27 32 39 44 48 51 51 50 54 58 55 50 53 58 62 66 69 67 68 69 65 65 62 62 64 73 84 91 93 91 93 96 94 94 95 101 112 123 125 125 131 136 138 137 137 136 136 128 118 105 85
3 5 13 21 26 23 18 13 8 4 3 3 2 3 5 6 8 7 7 12 14 18 26 35 43 52 56 56 52 47 40 33 29 20 12 8 9 14 18 15 13 18 21 21 22 27 35 43 50 54 58 59 60 61 63 60 59 65 70 74 79 80 74 72 80 79 81 81 79 76 76 87 95 98 98 97 97 98 99 99 106 110 116 126 133 140 142 138 134 130 128 125 118 110 99 81
4 7 13 16 18 19 17 12 7 5 3 2 2 5 9 11 11 9 9 14 17 20 28 45 57 60 57 51 46 42 37 27 13 6 7 12 15 14 11 13 14 16 23 25 27 35 46 53 61 64 67 69 69 68 69 67 70 75 80 87 92 91 80 76 85 86 90 90 87 83 78 82 89 93 97 101 105 108 106 104 114 124 129 137 141 140 133 126 118 108 104 99 97 95 85 71
5 5 7 7 9 14 17 13 15 10 5 3 3 4 10 15 15 13 9 11 17 24 34 47 55 59 56 47 40 43 34 17 9 10 10 14 16 17 15 14 15 18 21 27 39 50 58 63 68 71 74 77 77 74 77 78 78 84 89 94 99 94 81 83 94 97 98 97 95 90 84 75 79 91 100 106 113 115 114 122 130 136 141 142 136 126 121 115 104 88 85 84 78 69 63 72
9 7 7 7 7 12 17 14 19 20 19 14 8 8 12 17 18 15 11 11 18 33 47 60 67 65 57 50 40 32 22 11 14 18 16 13 18 19 20 19 19 23 30 39 50 62 68 71 75 77 80 85 85 84 89 90 87 91 98 103 101 90 89 98 105 108 110 111 110 105 98 87 86 101 112 120 123 121 121 130 137 143 144 137 125 115 106 105 102 96 97 92 86 77 70 89
15 11 11 8 8 11 15 14 13 14 18 24 21 18 20 22 19 16 12 16 27 39 56 70 72 66 58 50 42 30 17 21 27 29 22 18 20 24 26 27 36 48 55 54 62 75 81 84 85 87 91 95 93 92 96 100 98 100 105 107 98 88 97 106 115 120 122 123 120 113 98 87 88 104 112 117 122 123 124 131 137 142 138 131 131 125 120 118 110 109 109 104 96 88 76 83
21 17 11 10 11 14 20 17 16 17 17 21 26 28 29 27 21 17 14 17 25 35 51 68 72 66 58 50 35 18 24 37 40 39 31 29 31 34 40 53 67 75 75 67 71 85 92 96 99 100 102 105 105 107 107 107 110 111 112 108 96 92 96 105 117 125 125 117 107 97 98 108 104 103 111 119 127 132 135 138 143 147 147 140 134 132 128 123 120 120 120 114 110 100 81 74
13 12 13 17 16 20 25 21 22 22 21 26 35 38 36 31 24 18 19 24 35 44 58 72 69 60 51 38 21 20 30 40 49 53 47 46 53 54 60 67 77 84 87 81 76 84 90 99 105 108 110 114 115 118 116 114 119 120 118 108 100 104 108 107 116 125 120 104 93 88 104 118 124 126 126 131 138 140 136 134 136 136 138 134 129 128 125 122 119 116 113 109 100 85 77 81
12 17 22 21 19 25 25 23 27 26 22 29 43 48 41 32 25 21 27 41 58 68 74 78 73 64 51 30 20 36 44 41 50 64 63 55 62 69 75 82 90 96 99 90 83 90 92 93 101 108 115 121 130 129 122 125 128 128 121 110 112 112 117 115 118 125 121 109 97 89 100 112 122 130 132 129 124 121 118 119 124 131 131 125 118 115 116 117 115 111 102 88 79 82 95 97
15 22 27 24 25 29 26 28 31 29 27 37 49 47 38 32 27 23 39 62 75 80 79 76 71 56 36 25 36 47 54 53 52 58 65 62 66 80 88 94 97 102 105 96 92 102 106 104 108 112 118 128 136 138 134 137 141 132 120 115 122 121 124 125 124 128 123 115 109 96 90 104 113 114 107 104 105 107 111 118 126 130 123 114 108 106 104 102 98 94 90 82 79 91 98 101
22 28 30 28 34 34 31 36 37 36 34 43 47 40 35 32 26 29 46 68 77 76 72 63 54 42 27 33 44 46 52 59 64 65 66 73 74 84 90 91 96 104 111 111 109 114 122 123 125 127 129 134 137 138 140 142 143 137 130 125 130 129 132 132 133 133 130 124 114 102 94 92 93 95 102 111 116 119 121 125 129 125 117 113 112 109 104 98 93 93 94 84 83 90 100 114
32 36 37 40 43 39 37 43 44 43 41 45 49 46 39 29 28 40 59 74 73 67 65 56 35 19 25 34 36 44 59 71 76 79 75 81 86 84 89 95 101 112 121 125 124 128 133 134 133 131 129 126 128 131 128 128 133 139 140 137 144 148 151 154 152 144 133 124 128 125 111 105 100 94 104 111 115 123 129 131 130 124 119 116 111 106 100 96 100 102 94 80 75 81 92 107
44 47 46 47 48 44 47 53 55 55 59 62 65 64 51 37 50 69 72 65 57 45 37 25 14 23 35 43 54 61 67 77 86 89 86 90 98 103 106 111 116 123 127 132 134 131 125 123 119 116 112 111 116 111 111 119 134 147 152 154 159 172 183 185 179 163 148 148 149 138 125 113 102 95 96 101 108 119 126 129 128 127 120 112 107 105 110 121 128 120 99 83 75 74 81 91
53 52 51 54 54 54 56 64 69 75 79 79 75 61 48 57 72 77 67 55 54 49 51 36 13 22 39 53 66 76 81 90 99 100 98 100 107 114 118 119 118 117 121 122 122 114 111 109 96 91 92 98 103 117 130 142 146 153 162 169 177 184 182 176 167 159 154 150 140 127 116 111 110 102 101 103 105 113 117 120 124 128 124 120 120 126 133 140 135 118 97 87 79 79 88 95
66 62 67 70 66 66 68 77 84 85 79 71 61 49 60 74 75 70 62 60 65 60 60 48 30 22 28 45 58 68 75 86 94 98 102 104 106 109 110 106 105 108 107 104 108 101 84 78 82 99 112 123 131 139 146 147 146 151 155 163 172 172 162 154 151 147 143 135 126 120 120 117 110 104 107 111 109 108 114 121 127 133 136 135 134 132 123 115 108 98 93 86 80 87 97 107
81 76 80 80 77 80 82 89 93 91 83 75 58 53 70 69 66 69 67 71 73 66 62 57 49 39 41 40 31 30 45 62 69 67 63 65 78 90 98 90 91 98 89 89 92 77 75 93 107 118 130 135 132 127 128 126 130 138 146 154 156 151 144 142 147 148 143 137 132 126 119 112 109 113 118 116 115 115 114 120 130 135 132 127 124 118 108 99 97 88 82 81 87 94 101 107
