data/test/data/MeshRefinementTests/gebcoIntegers.asc
ncols         312
nrows         240
xllcenter       -1.24791667
yllcenter       48.85208333
cellsize         0.00416666667
NODATA_value   32767.00
[rows 116 to 173 of 240, columns 192 to 287 of 312]
-10 -10 -10 -9 -9 -8 -7 -6 -6 -5 -6 -7 -4 -8 -8 -8 -6 -7 -8 -4 -8 -10 -11 -11 -11 -12 -13 -14 -14 -14 -14 -14 -14 -14 -14 -15 -14 -14 -14 -13 -14 -14 -13 -14 -13 -14 -13 -13 -13 -13 -13 -14 -14 -14 -15 -15 -15 -15 -15 -15 -15 -15 -15 -14 -14 -14 -14 -14 -13 -13 -13 -13 -13 -12 -12 -12 -12 -12 -12 -11 -11 -11 -11 -10 -11 -10 -10 -10 -10 -10 -9 -9 -9 -9 -8 -8
-3 -8 -4 -3 -4 -3 -3 -2 -2 -2 -1 -1 -1 -1 -2 -2 -2 -1 -2 -2 -8 -9 -10 -10 -12 -12 -12 -13 -14 -14 -13 -13 -13 -13 -13 -13 -14 -13 -13 -13 -13 -13 -13 -13 -12 -13 -13 -13 -13 -13 -13 -13 -14 -14 -14 -14 -14 -14 -14 -14 -14 -14 -14 -14 -14 -13 -13 -13 -13 -13 -13 -12 -12 -12 -12 -11 -11 -11 -11 -11 -11 -11 -10 -10 -10 -10 -10 -10 -9 -9 -9 -9 -8 -8 -8 -8
-2 -6 -6 -3 -5 -6 -2 -1 -1 -1 -1 -1 -1 -1 -1 -1 -1 -1 0 -1 -7 -9 -9 -10 -11 -12 -12 -13 -13 -13 -13 -12 -12 -12 -12 -13 -13 -13 -12 -13 -12 -12 -12 -12 -12 -12 -12 -12 -12 -12 -12 -13 -13 -14 -14 -13 -13 -13 -13 -13 -13 -13 -13 -13 -13 -13 -13 -13 -12 -12 -12 -12 -12 -12 -11 -11 -11 -11 -10 -10 -10 -10 -10 -10 -9 -9 -9 -9 -9 -9 -8 -8 -8 -8 -8 -7
-1 -2 -1 -3 -3 -5 -5 -4 -5 -6 -6 -7 -6 -6 -4 -2 -1 1 2 -1 -5 -8 -9 -9 -10 -11 -11 -12 -12 -12 -12 -11 -10 -11 -12 -12 -12 -12 -13 -12 -12 -11 -12 -11 -11 -11 -12 -12 -12 -12 -12 -12 -13 -13 -13 -13 -13 -13 -13 -13 -13 -13 -12 -12 -12 -12 -12 -12 -12 -12 -11 -11 -11 -11 -11 -11 -11 -11 -11 -10 -10 -10 -9 -9 -9 -9 -9 -8 -8 -8 -8 -8 -8 -8 -7 -7
-3 -3 -2 -4 -6 -8 -7 -7 -7 -9 -12 -10 -10 -10 -6 -3 -1 2 4 1 -2 -7 -8 -9 -10 -10 -10 -11 -11 -11 -11 -11 -9 -11 -10 -11 -11 -11 -11 -11 -11 -11 -11 -11 -11 -11 -11 -11 -11 -11 -12 -12 -12 -12 -13 -12 -12 -12 -12 -12 -12 -12 -12 -12 -11 -11 -11 -11 -11 -11 -11 -11 -11 -11 -11 -11 -10 -10 -10 -10 -10 -9 -9 -9 -9 -9 -8 -8 -8 -8 -8 -8 -7 -7 -7 -7
0 0 -2 -3 -6 -8 -7 -7 -7 -9 -11 -10 -9 -8 -6 -3 -1 0 1 0 -3 -5 -7 -7 -8 -8 -8 -9 -9 -10 -9 -10 -9 -10 -10 -10 -10 -11 -10 -10 -11 -10 -10 -10 -10 -11 -10 -11 -11 -11 -11 -12 -11 -12 -12 -12 -12 -12 -12 -12 -12 -12 -12 -11 -11 -11 -11 -11 -10 -10 -10 -10 -10 -10 -10 -10 -10 -10 -10 -9 -9 -9 -9 -9 -8 -8 -8 -8 -8 -7 -7 -7 -7 -7 -7 -7
3 2 1 -1 -3 -5 -5 -4 -4 -6 -8 -7 -6 -5 -4 -2 -1 -1 -3 -4 -4 -3 -3 -5 -5 -6 -6 -7 -7 -9 -9 -9 -10 -10 -9 -9 -9 -9 -9 -10 -10 -10 -10 -10 -10 -10 -10 -10 -9 -10 -11 -11 -11 -11 -11 -11 -11 -12 -11 -11 -11 -11 -11 -11 -10 -10 -10 -10 -10 -10 -10 -10 -10 -10 -9 -10 -10 -9 -9 -9 -9 -9 -9 -8 -8 -8 -8 -7 -7 -7 -7 -7 -6 -6 -6 -6
5 3 2 2 2 3 4 5 4 4 5 0 0 0 0 0 -2 -3 -5 -5 -3 -2 -1 -3 -3 -3 -4 -6 -7 -8 -9 -8 -8 -8 -8 -8 -8 -8 -9 -10 -9 -9 -9 -9 -10 -10 -10 -10 -10 -10 -10 -10 -10 -11 -10 -10 -10 -11 -11 -11 -11 -11 -10 -10 -10 -10 -10 -9 -9 -9 -9 -9 -9 -9 -9 -9 -9 -9 -9 -9 -9 -9 -8 -8 -8 -8 -8 -7 -7 -7 -7 -6 -6 -6 -6 -5
8 7 5 5 6 6 7 7 8 7 8 8 9 8 8 2 -1 -4 -7 -5 -2 -1 0 -3 -2 -2 -2 -3 -5 -7 -7 -7 -6 -7 -8 -8 -7 -8 -9 -9 -9 -8 -9 -9 -9 -9 -9 -9 -9 -9 -9 -10 -10 -9 -9 -9 -9 -9 -10 -10 -10 -10 -10 -10 -10 -9 -9 -10 -9 -9 -9 -9 -9 -8 -8 -8 -8 -8 -8 -8 -8 -8 -8 -8 -8 -7 -7 -7 -7 -6 -6 -6 -6 -6 -6 -6
19 18 14 10 9 9 9 9 9 9 9 9 9 9 9 8 8 8 7 -3 0 2 2 -1 -6 -8 -1 -1 -8 -4 -6 -6 -6 -7 -7 -8 -8 -8 -7 -8 -9 -9 -8 -8 -8 -8 -8 -9 -9 -9 -9 -9 -9 -8 -7 -8 -8 -8 -9 -9 -10 -9 -9 -9 -9 -9 -9 -9 -9 -9 -9 -9 -8 -8 -8 -8 -8 -8 -8 -8 -8 -8 -8 -7 -7 -7 -7 -7 -6 -6 -6 -6 -6 -6 -5 -5
25 23 18 17 19 18 18 16 14 12 11 10 9 9 9 8 9 9 8 10 9 8 4 -2 -9 -15 -15 -13 -12 -1 -1 -3 -5 -5 -6 -7 -7 -6 -7 -7 -7 -7 -5 -7 -7 -7 -8 -7 -7 -8 -8 -8 -8 -7 -6 -6 -6 -6 -7 -8 -9 -9 -9 -9 -8 -8 -9 -8 -8 -8 -8 -8 -8 -8 -8 -7 -7 -7 -7 -7 -7 -7 -7 -7 -7 -7 -6 -6 -6 -6 -6 -5 -5 -5 -5 -5
30 28 27 25 27 28 28 26 22 19 17 15 14 13 10 10 10 9 10 10 9 7 10 10 -10 -20 -17 -15 -14 -15 -15 -12 -2 -3 -4 -5 -6 -6 -6 -6 -6 -6 -6 -6 -6 -6 -7 -6 -6 -7 -7 -7 -7 -5 -5 -5 -6 -7 -7 -7 -8 -8 -8 -8 -8 -8 -8 -8 -8 -8 -8 -8 -7 -7 -7 -7 -7 -7 -7 -7 -7 -7 -6 -6 -6 -6 -6 -6 -5 -5 -5 -5 -5 -4 -4 -3
36 34 33 30 33 34 32 30 28 26 24 23 23 21 18 17 15 12 12 12 10 9 12 12 11 9 9 -11 -14 -17 -18 -14 -8 -3 -1 -2 -4 -5 -5 -5 -5 -5 -6 -5 -5 -6 -6 -6 -6 -6 -6 -5 -3 -2 -2 -5 -6 -6 -6 -6 -6 -8 -7 -7 -7 -7 -7 -7 -7 -7 -7 -7 -7 -7 -6 -6 -6 -6 -6 -6 -6 -6 -5 -5 -5 -5 -4 -3 -4 -4 -3 -3 -2 -2 -2 -1
42 40 36 36 40 40 37 35 34 32 31 29 25 24 24 22 21 22 20 14 13 15 15 13 12 10 10 10 10 -15 -20 -14 -7 -2 0 -1 -1 -2 -3 -3 -4 -4 -4 -5 -4 -4 -4 -4 -4 -5 -5 -3 -1 -1 -2 -5 -5 -5 -4 -5 -4 -5 -6 -6 -6 -7 -7 -7 -6 -6 -6 -6 -6 -6 -6 -6 -6 -5 -5 -5 -5 -4 -4 -3 -2 1 -2 -9 -18 -27 -16 -6 -1 25 35 48
48 43 40 41 45 46 43 41 41 40 35 31 30 29 28 25 24 24 22 18 19 21 19 17 15 14 14 13 11 9 8 -7 -3 0 1 1 1 0 -2 -2 -3 -3 -3 -3 -4 -1 -1 -1 -1 -4 -2 -1 -8 -1 -1 -2 -3 -3 -3 -4 -4 -4 -4 -5 -5 -6 -6 -6 -6 -5 -5 -5 -5 -5 -5 -5 -5 -5 -4 -4 -2 -2 -1 3 5 5 2 -3 -9 -13 20 44 69 84 96 107
50 46 43 45 48 50 50 48 46 42 38 36 35 32 30 29 28 26 24 21 22 25 25 24 21 18 16 15 13 12 11 9 7 3 3 3 2 2 1 0 -1 -1 -1 -1 -2 -5 -9 -9 -13 -5 -15 -16 -15 -13 -1 -8 -2 -2 -2 -2 -3 -3 -3 -4 -4 -4 -5 -5 -5 -5 -5 -5 -4 -4 -4 -4 -3 -3 -2 -1 -1 2 4 7 10 11 10 7 8 12 24 55 89 100 93 86
51 49 49 49 50 52 54 54 53 51 47 43 38 34 33 31 29 25 23 22 25 28 27 25 22 18 16 15 14 12 10 9 8 6 5 5 4 3 3 2 1 1 1 0 -2 -5 -11 -9 -9 -1 -24 -26 -25 -23 -19 -16 -12 -1 -1 -1 -1 -2 -2 -2 -3 -3 -3 -3 -3 -3 -3 -3 -3 -2 -2 -2 -1 -1 -1 0 2 4 7 4 2 2 19 25 16 13 15 22 32 39 41 50
49 53 55 56 56 55 57 61 60 56 52 47 41 36 31 26 24 25 26 27 29 29 26 22 20 20 19 18 16 14 13 11 8 6 5 4 4 4 5 6 3 3 3 2 1 -2 -6 -9 -9 -3 -38 -38 -37 -34 -31 -24 -16 -8 -2 1 2 2 1 -1 -1 -1 -1 -1 -1 -1 -1 -1 1 1 2 6 6 7 9 8 7 6 9 3 3 6 37 62 36 23 20 23 30 40 53 51
43 51 58 61 60 59 59 58 56 55 52 47 42 36 32 32 33 34 33 32 30 28 26 26 24 21 19 18 19 19 15 11 8 7 6 6 4 2 3 3 4 4 6 6 7 6 5 5 -9 -9 -48 -46 -45 -44 -43 -32 -19 -6 5 7 6 4 3 2 2 2 2 1 1 2 3 9 7 6 6 7 7 6 6 5 5 4 3 3 6 18 48 80 67 41 31 45 78 93 92 70
36 46 55 60 59 58 57 55 52 51 51 49 47 43 40 45 47 46 44 41 36 31 29 26 24 22 21 21 21 19 16 13 11 10 10 7 5 4 3 3 2 2 3 4 5 5 5 5 -14 -25 -35 -40 -44 -49 -50 -37 -21 -5 7 7 7 6 6 5 4 4 5 6 7 7 6 6 5 5 6 5 5 4 4 5 4 4 4 4 7 16 32 62 85 68 61 78 115 115 92 84
36 44 50 52 53 56 58 57 52 48 46 45 46 43 43 47 51 52 53 52 46 40 34 30 26 23 23 22 20 17 16 15 15 13 11 9 7 5 5 7 7 7 10 11 10 8 5 5 -7 -14 -19 -29 -38 -47 4 4 6 8 7 7 6 4 3 3 2 2 2 3 4 3 3 3 3 3 4 4 3 3 4 4 3 4 3 3 5 10 25 52 90 110 114 118 130 120 107 111
30 44 45 44 50 54 57 56 52 47 46 44 41 38 39 43 48 50 54 55 54 51 45 39 33 29 26 23 22 21 19 20 19 17 15 13 10 9 12 19 21 18 15 13 13 11 6 4 4 5 4 4 3 -34 -37 2 5 8 6 5 5 5 3 2 2 2 2 2 2 2 2 2 3 3 2 2 2 2 2 3 3 2 3 4 5 7 16 31 53 81 110 130 131 128 129 127
30 32 37 42 47 50 55 56 52 48 45 44 45 45 44 43 44 46 49 53 55 55 54 52 48 42 37 37 35 33 32 29 26 23 21 18 17 15 14 18 23 22 19 14 12 9 6 3 4 1 -2 -7 -13 -17 2 2 3 3 7 11 13 11 8 4 2 2 2 2 2 2 2 2 2 2 2 2 2 2 2 2 2 2 3 6 9 13 21 28 39 63 100 119 103 105 124 135
27 30 38 43 49 53 56 57 54 51 51 53 53 50 47 46 47 48 49 50 51 52 54 54 52 51 51 51 50 48 46 44 40 35 30 27 24 21 21 27 28 25 21 17 14 11 7 4 7 1 1 3 1 1 2 3 4 10 12 13 14 14 12 7 3 2 2 3 3 3 2 2 2 2 2 2 2 1 2 2 2 2 3 8 12 15 21 30 41 59 78 76 64 85 110 112
29 28 37 43 47 52 56 59 59 59 61 61 56 52 50 50 49 49 51 50 48 45 44 44 46 48 52 54 53 53 53 54 52 46 40 35 32 32 31 31 31 28 23 19 15 11 7 3 1 2 3 3 5 8 10 13 17 19 17 17 16 14 10 5 2 2 2 3 3 3 2 2 2 2 2 2 2 2 2 1 1 2 3 5 8 13 18 23 29 30 35 44 52 67 86 107
31 32 38 42 45 49 53 58 61 64 66 64 60 57 56 54 51 50 49 49 46 42 42 41 38 36 38 41 43 47 53 54 51 47 43 41 39 39 39 37 34 28 23 19 15 9 4 2 1 2 4 13 27 28 28 28 26 24 22 20 17 14 12 8 5 5 4 2 2 2 2 2 2 2 2 2 2 2 2 2 2 3 4 5 7 13 21 26 27 33 41 52 69 87 113 132
30 41 48 50 51 53 55 58 63 65 66 65 62 60 57 53 50 48 45 45 46 45 43 40 37 34 31 29 32 39 46 49 50 51 48 44 40 37 36 36 33 29 25 18 11 6 3 2 3 9 22 35 39 38 37 35 33 29 27 23 19 17 15 11 7 4 3 4 3 3 3 3 2 3 2 2 2 2 2 2 2 2 2 3 4 13 25 33 41 54 68 88 108 117 123 125
31 38 48 54 57 59 60 61 62 63 62 60 56 54 51 49 48 47 48 48 47 44 40 36 34 32 29 26 25 26 28 31 41 48 45 38 34 32 30 31 31 27 20 9 4 2 2 3 10 21 34 47 49 45 41 40 36 33 32 27 23 20 18 15 10 7 8 10 11 8 4 3 2 2 2 2 2 2 3 2 2 2 2 3 7 17 36 57 77 95 108 114 119 107 88 87
40 38 48 54 58 61 62 62 62 63 61 59 56 53 53 53 51 50 49 48 46 43 37 33 31 29 28 27 25 23 21 27 37 39 34 30 27 25 21 20 19 15 8 3 2 1 3 13 23 28 36 49 53 51 49 46 42 38 35 32 27 22 18 17 15 14 14 14 13 8 3 1 1 2 2 1 2 2 2 2 1 2 2 9 23 34 46 79 86 74 76 70 67 62 51 53
36 34 42 51 56 58 60 63 65 65 63 61 58 57 56 54 53 50 46 44 42 39 38 37 35 31 28 26 26 23 22 27 31 30 27 26 26 23 20 17 13 9 4 2 2 3 12 22 27 31 35 44 52 54 54 52 47 42 39 35 30 24 20 19 17 15 14 11 7 3 2 2 2 2 2 2 2 2 2 2 2 2 2 4 10 14 20 37 43 30 26 27 28 33 28 23
36 33 38 50 57 59 61 64 67 67 64 61 59 58 56 54 50 47 46 44 43 44 43 39 35 33 32 30 29 28 22 21 24 24 25 27 26 21 17 15 11 7 4 3 4 11 21 24 26 28 30 32 36 47 56 56 51 45 40 36 33 31 27 21 14 7 4 3 2 2 1 2 2 2 2 2 2 2 2 2 2 2 1 2 2 3 5 10 12 8 7 8 8 10 11 11
36 34 37 47 56 60 62 65 68 69 67 65 62 59 57 55 52 51 50 47 47 48 47 43 40 39 37 34 30 25 17 20 24 27 27 25 21 17 14 13 10 4 3 7 8 10 14 16 18 18 18 21 28 41 58 62 55 47 41 37 36 33 29 21 10 3 2 3 3 3 8 13 7 3 2 2 2 2 1 2 2 1 1 1 1 1 2 2 3 4 5 7 9 11 14 17
39 37 41 50 56 59 64 67 70 71 70 66 63 60 58 58 57 56 55 53 53 51 49 45 42 38 34 31 28 22 22 25 27 28 27 24 19 12 7 6 5 4 10 20 15 12 12 11 10 9 10 15 21 27 39 51 54 50 46 40 36 33 31 28 16 6 2 1 4 17 26 21 7 2 2 2 2 2 3 3 2 2 1 2 3 3 2 3 4 7 12 15 18 24 25 32
42 44 46 54 59 61 63 66 70 71 69 67 65 64 61 59 59 57 55 54 51 48 44 40 38 32 27 22 16 13 22 22 25 26 23 17 9 5 5 5 6 12 18 26 25 18 15 13 10 10 12 14 18 26 42 55 56 52 45 37 30 25 19 14 10 4 1 2 2 10 19 13 4 2 1 2 4 7 10 10 9 8 6 4 3 5 5 5 7 10 16 20 25 36 44 56
55 57 55 55 58 62 64 67 70 72 73 72 69 66 63 61 58 56 54 52 47 43 39 35 34 35 34 25 14 11 9 10 18 16 8 3 4 4 4 8 16 27 33 35 29 23 21 16 12 13 15 18 23 32 47 57 59 53 45 38 34 29 22 19 12 4 1 1 1 3 3 2 2 1 1 1 2 4 8 10 11 13 14 13 10 8 8 9 10 11 12 16 23 35 59 92
58 61 61 60 58 60 63 67 70 73 74 73 71 70 67 62 57 55 56 55 53 50 48 47 51 54 51 44 40 37 26 11 8 7 5 5 4 5 14 29 34 36 35 30 22 23 21 17 14 13 15 17 22 36 57 65 62 55 48 42 38 37 34 26 18 6 1 1 1 1 1 1 1 1 2 2 5 8 9 7 7 12 20 23 21 15 8 5 6 9 15 22 29 39 51 69
59 61 62 62 60 60 63 65 68 72 75 75 75 72 67 63 60 59 59 59 59 58 56 56 59 62 64 64 57 47 34 21 15 9 6 6 7 15 35 44 40 36 32 28 27 26 22 19 17 16 15 19 23 30 44 61 64 59 53 47 42 40 38 33 16 4 1 1 1 1 2 1 2 4 6 11 16 18 17 14 15 20 23 19 11 5 3 3 3 6 9 13 17 25 35 49
61 62 63 63 63 63 64 66 68 70 73 74 74 73 70 67 64 63 60 58 58 60 60 62 64 64 60 57 51 41 28 16 7 4 5 8 18 36 45 45 41 38 35 32 31 30 27 25 24 22 21 24 27 35 52 65 66 63 56 49 43 38 37 31 18 7 2 0 1 2 3 4 8 12 14 15 18 20 19 19 18 15 10 6 3 2 2 2 4 4 5 8 11 17 25 40
64 64 65 65 65 66 66 66 66 68 69 69 70 69 68 66 64 61 57 55 60 64 67 66 65 63 60 54 45 36 25 13 5 5 10 25 37 43 44 41 37 35 35 35 34 33 33 31 28 25 25 28 32 37 48 64 65 61 62 59 51 45 37 29 17 6 2 2 2 2 2 2 5 8 11 14 15 12 9 8 7 5 3 3 3 2 1 1 2 3 4 6 9 11 16 29
66 66 66 66 66 66 67 68 67 67 66 65 65 65 66 65 63 58 51 52 60 66 69 67 64 63 59 52 43 32 20 9 5 8 22 32 36 38 37 35 34 31 31 31 30 32 32 32 31 30 30 31 29 30 37 58 66 65 65 61 49 39 32 24 14 8 7 4 2 1 1 5 14 15 15 15 13 9 6 5 4 2 1 2 2 2 2 2 2 3 4 5 7 9 14 22
66 67 68 69 68 68 68 69 69 68 67 64 63 64 63 55 50 43 39 48 59 63 61 57 52 49 46 39 30 22 13 6 7 16 30 32 32 32 31 30 28 27 26 25 27 30 30 30 30 30 31 30 26 24 24 34 49 57 55 52 45 39 36 33 26 15 8 3 2 1 3 16 32 26 24 21 13 7 6 5 3 3 2 2 3 4 5 5 5 6 5 6 7 8 11 15
59 62 64 67 68 70 71 71 71 71 69 68 66 64 62 57 49 42 33 35 46 45 39 37 35 32 30 26 21 16 8 6 8 20 31 32 33 31 29 27 25 23 23 25 28 29 27 26 27 27 28 28 25 20 16 17 23 30 40 46 43 39 34 31 27 15 3 1 2 3 9 20 22 16 13 11 7 5 5 3 2 2 2 3 2 4 6 9 10 9 7 7 8 9 13 20
55 54 53 54 56 59 62 66 67 65 62 58 52 48 47 45 43 40 32 26 29 30 31 31 29 25 21 19 16 9 6 7 11 26 34 36 34 33 31 29 26 23 24 28 29 25 21 21 23 25 27 25 22 18 13 11 13 16 22 32 35 34 34 32 23 7 1 1 2 7 14 12 8 5 3 3 4 3 2 3 3 2 2 4 6 8 10 13 13 12 11 8 6 6 8 11
59 57 55 53 50 47 47 47 45 43 43 43 41 39 37 35 33 32 29 22 18 17 17 14 12 10 7 7 7 6 6 6 17 33 36 35 30 24 21 20 18 22 25 25 24 21 18 17 21 25 25 23 20 17 13 11 10 10 15 25 33 34 35 32 21 8 2 2 3 9 10 4 2 3 2 1 2 1 2 2 2 3 5 8 10 12 14 16 17 16 16 14 10 7 7 8
62 62 60 57 53 46 39 37 35 34 37 39 41 39 35 30 24 17 14 12 11 11 9 7 6 6 5 4 5 6 9 8 11 25 29 25 20 15 11 11 13 15 18 19 18 16 15 16 19 22 22 20 17 16 15 12 9 8 9 17 26 33 36 34 28 12 3 3 3 5 4 2 2 2 2 2 1 2 2 2 2 2 3 6 7 7 7 10 14 15 17 18 15 10 8 9
68 66 62 58 53 48 44 41 39 34 28 35 40 40 37 31 21 12 8 7 6 7 10 10 9 9 10 13 16 16 12 8 10 12 10 10 11 14 15 14 14 16 17 17 16 15 16 18 19 20 20 17 15 14 13 10 8 7 7 10 16 29 36 34 26 15 6 5 4 3 2 1 1 1 1 2 3 2 2 2 2 2 2 1 2 2 2 2 3 4 8 14 19 18 15 16
70 67 64 61 58 54 50 48 44 35 27 35 39 38 34 24 14 9 6 4 7 16 21 22 26 28 30 31 27 22 17 13 10 9 11 15 18 18 18 16 18 20 20 18 17 16 16 17 19 19 18 14 13 13 13 11 8 8 7 7 11 21 33 36 33 24 18 11 7 3 2 1 2 2 3 4 3 2 2 3 3 4 3 2 2 2 2 2 2 2 3 7 15 22 23 24
59 57 56 57 56 51 44 36 26 18 15 18 18 17 15 10 8 7 5 7 20 28 27 28 30 34 35 32 29 25 20 18 18 16 17 20 21 21 18 17 20 21 21 20 18 17 18 18 19 19 18 15 14 14 14 12 9 8 7 7 6 10 22 34 36 34 28 25 20 12 9 4 5 12 14 14 11 9 7 6 5 5 5 3 2 2 3 4 3 3 4 9 14 22 28 31
47 43 39 39 36 32 26 18 12 10 10 9 8 7 5 5 5 6 7 14 27 29 30 32 33 32 29 26 23 20 19 22 23 21 19 21 23 23 20 17 19 22 24 22 20 20 20 20 19 18 18 15 12 11 10 9 7 6 5 5 4 6 13 24 33 35 34 34 26 21 17 9 7 15 19 17 16 16 13 12 10 8 6 4 3 2 3 4 3 3 7 14 22 24 18 13
47 39 33 25 22 20 17 17 17 16 16 14 14 13 10 9 7 6 6 21 28 28 28 31 32 31 28 25 22 22 25 27 25 20 20 23 25 24 20 19 20 25 27 26 24 24 22 20 19 17 16 13 13 12 9 7 6 4 3 4 4 4 5 8 20 34 38 36 34 29 19 8 12 19 21 20 20 20 18 18 17 17 14 9 5 3 3 2 2 2 3 5 9 11 7 4
38 31 26 27 30 30 30 28 27 27 26 25 20 11 6 5 5 4 11 26 28 26 25 28 32 31 28 25 26 29 30 28 25 24 24 25 25 24 22 21 21 25 27 26 26 24 22 20 17 16 15 14 13 10 8 6 5 5 5 5 5 4 3 3 6 14 26 36 35 27 12 15 24 24 24 23 25 24 23 23 22 20 18 16 14 9 5 3 3 2 2 3 3 4 4 3
31 33 37 42 42 40 37 37 40 41 38 30 14 5 4 4 5 9 23 29 27 24 22 24 27 26 25 27 32 32 30 28 28 27 26 25 24 24 24 23 23 25 27 26 26 25 23 19 17 17 17 15 12 10 8 6 5 5 4 4 5 4 5 5 4 5 8 12 9 6 11 26 33 30 28 27 26 26 25 26 26 23 19 18 19 13 10 8 6 5 4 3 4 4 3 3
51 53 52 51 48 45 43 45 45 41 35 25 9 5 5 5 9 24 36 34 29 27 25 23 22 23 29 32 34 34 33 32 30 27 25 25 26 27 26 24 24 26 27 27 24 23 22 21 19 17 15 12 10 9 8 7 6 6 5 4 4 3 3 4 4 5 4 4 6 17 31 38 41 38 35 32 30 29 28 28 27 24 23 22 21 19 16 12 9 7 7 10 7 5 5 6
65 64 60 55 51 48 48 48 44 36 29 17 6 4 5 9 20 38 44 41 38 36 32 30 28 29 37 39 39 39 38 34 30 28 27 27 28 28 27 25 25 27 29 27 24 22 23 24 23 20 15 12 11 10 9 8 7 6 5 4 4 3 5 5 4 5 6 5 10 30 45 44 42 42 41 37 33 31 31 31 30 27 25 26 26 24 20 15 11 7 7 9 6 4 5 8
72 67 60 56 56 55 54 51 44 36 29 13 5 8 14 20 31 46 50 47 44 41 39 38 35 36 42 45 46 43 41 39 36 32 29 28 29 30 29 28 28 29 29 27 25 24 24 25 24 21 17 14 12 11 12 10 8 7 7 6 6 6 6 6 5 6 7 7 17 41 53 55 55 51 46 41 37 35 34 32 30 27 28 29 28 26 22 16 11 8 8 7 5 4 4 5
75 70 67 66 64 62 60 53 44 35 28 15 10 16 21 25 36 51 56 55 52 50 48 46 45 42 43 45 47 47 48 46 42 37 32 31 33 33 31 31 30 31 30 28 26 26 26 26 25 22 20 17 14 14 13 12 12 10 9 9 9 10 9 9 8 7 7 8 19 44 62 64 61 53 47 42 42 43 38 33 30 30 32 30 28 25 18 14 13 10 9 8 6 5 4 5
86 83 79 76 72 68 62 54 46 40 28 13 19 24 25 28 36 49 60 62 60 57 54 52 51 50 48 45 47 52 54 53 48 43 39 36 37 35 35 34 33 33 32 30 30 31 30 27 26 26 24 21 18 17 17 17 16 15 13 13 14 14 13 12 11 10 11 11 16 40 62 64 62 58 52 45 42 42 39 34 34 35 34 30 24 17 18 21 16 11 9 9 7 5 4 5
97 92 85 80 73 67 63 60 56 48 23 10 11 20 26 32 36 43 55 59 57 55 54 56 57 57 54 51 52 55 58 58 55 51 48 45 41 40 38 37 38 37 35 34 35 34 32 29 29 31 29 27 25 23 21 22 23 22 20 18 19 20 19 17 16 16 17 17 16 19 37 62 66 60 52 46 42 38 35 36 38 37 35 29 19 19 26 25 18 12 10 10 8 5 6 5
