data/test/data/MeshRefinementTests/gebco.asc
ncols         312
nrows         240
xllcenter       -1.24791667
yllcenter       48.85208333
cellsize         0.00416666667
NODATA_value   32767.00
[rows 175 to 209 of 240, columns 234 to 311 of 312]
46.00 46.00 44.00 40.00 39.00 39.00 39.00 38.00 37.00 36.00 33.00 28.00 25.00 22.00 21.00 21.00 22.00 24.00 26.00 26.00 26.00 27.00 28.00 27.00 25.00 25.00 23.00 22.00 37.00 59.00 58.00 54.00 45.00 41.00 42.00 44.00 44.00 44.00 42.00 35.00 26.00 19.00 27.00 34.00 31.00 24.00 18.00 13.00 14.00 15.00 16.00 10.00 7.00 7.00 7.00 7.00 8.00 8.00 8.00 7.00 6.00 6.00 6.00 7.00 8.00 9.00 11.00 13.00 16.00 19.00 21.00 23.00 27.00 38.00 44.00 43.00 47.00 48.00
54.00 52.00 49.00 48.00 50.00 47.00 39.00 34.00 32.00 30.00 27.00 25.00 22.00 22.00 22.00 21.00 22.00 24.00 26.00 30.00 31.00 31.00 31.00 31.00 30.00 28.00 24.00 21.00 27.00 29.00 25.00 28.00 34.00 42.00 51.00 51.00 48.00 45.00 42.00 33.00 22.00 24.00 38.00 39.00 29.00 19.00 15.00 14.00 16.00 18.00 20.00 14.00 8.00 7.00 8.00 8.00 8.00 9.00 8.00 7.00 7.00 7.00 7.00 8.00 9.00 10.00 11.00 13.00 15.00 17.00 19.00 21.00 23.00 24.00 27.00 30.00 33.00 33.00
58.00 59.00 59.00 56.00 54.00 43.00 36.00 33.00 31.00 29.00 27.00 27.00 25.00 23.00 22.00 22.00 24.00 24.00 25.00 34.00 36.00 36.00 35.00 35.00 32.00 30.00 27.00 24.00 22.00 23.00 22.00 23.00 34.00 52.00 59.00 57.00 54.00 46.00 36.00 23.00 22.00 39.00 46.00 42.00 35.00 24.00 16.00 14.00 15.00 17.00 23.00 23.00 12.00 8.00 8.00 7.00 9.00 9.00 9.00 8.00 7.00 8.00 8.00 9.00 9.00 10.00 13.00 18.00 20.00 20.00 21.00 21.00 20.00 21.00 22.00 23.00 24.00 26.00
66.00 65.00 62.00 60.00 54.00 48.00 46.00 42.00 39.00 37.00 35.00 34.00 32.00 30.00 29.00 28.00 27.00 27.00 27.00 33.00 37.00 36.00 35.00 35.00 34.00 32.00 29.00 28.00 27.00 24.00 23.00 23.00 27.00 42.00 57.00 57.00 50.00 40.00 28.00 19.00 28.00 38.00 46.00 49.00 45.00 34.00 23.00 18.00 15.00 15.00 18.00 20.00 13.00 8.00 9.00 9.00 9.00 10.00 9.00 8.00 8.00 8.00 8.00 9.00 10.00 10.00 13.00 19.00 21.00 22.00 25.00 27.00 27.00 27.00 25.00 23.00 26.00 29.00
72.00 67.00 66.00 65.00 61.00 58.00 54.00 50.00 48.00 46.00 44.00 42.00 40.00 38.00 37.00 36.00 33.00 31.00 29.00 28.00 28.00 29.00 34.00 37.00 36.00 34.00 34.00 33.00 30.00 29.00 27.00 27.00 33.00 43.00 44.00 39.00 35.00 28.00 20.00 21.00 38.00 47.00 50.00 51.00 46.00 40.00 33.00 24.00 18.00 16.00 14.00 12.00 10.00 10.00 10.00 10.00 11.00 10.00 10.00 9.00 8.00 8.00 9.00 9.00 10.00 11.00 12.00 13.00 14.00 15.00 19.00 27.00 36.00 32.00 25.00 24.00 31.00 37.00
75.00 73.00 74.00 74.00 73.00 69.00 62.00 58.00 54.00 52.00 50.00 49.00 47.00 44.00 42.00 38.00 35.00 32.00 30.00 31.00 34.00 39.00 41.00 40.00 40.00 40.00 39.00 34.00 33.00 34.00 32.00 32.00 41.00 48.00 44.00 37.00 33.00 27.00 20.00 22.00 41.00 58.00 61.00 58.00 52.00 48.00 39.00 28.00 21.00 16.00 12.00 11.00 13.00 14.00 13.00 12.00 11.00 11.00 11.00 11.00 10.00 9.00 9.00 9.00 10.00 10.00 12.00 12.00 13.00 14.00 15.00 17.00 21.00 24.00 24.00 28.00 36.00 42.00
82.00 81.00 80.00 80.00 78.00 72.00 63.00 57.00 53.00 50.00 48.00 47.00 46.00 43.00 40.00 37.00 34.00 32.00 31.00 31.00 38.00 43.00 44.00 46.00 46.00 43.00 37.00 37.00 41.00 39.00 37.00 35.00 35.00 36.00 32.00 27.00 24.00 22.00 23.00 21.00 31.00 56.00 68.00 68.00 62.00 57.00 47.00 34.00 21.00 13.00 13.00 18.00 26.00 37.00 30.00 20.00 16.00 14.00 12.00 11.00 10.00 10.00 10.00 11.00 11.00 11.00 12.00 12.00 14.00 15.00 16.00 17.00 19.00 25.00 28.00 35.00 39.00 42.00
91.00 88.00 87.00 84.00 77.00 65.00 57.00 51.00 48.00 46.00 43.00 43.00 42.00 39.00 36.00 35.00 35.00 34.00 32.00 33.00 40.00 47.00 49.00 50.00 45.00 38.00 37.00 46.00 48.00 45.00 43.00 41.00 39.00 36.00 32.00 28.00 26.00 24.00 22.00 22.00 23.00 31.00 54.00 67.00 67.00 69.00 63.00 42.00 22.00 14.00 13.00 20.00 30.00 39.00 43.00 42.00 36.00 37.00 36.00 24.00 16.00 12.00 11.00 11.00 12.00 12.00 12.00 13.00 15.00 19.00 21.00 20.00 20.00 19.00 22.00 23.00 28.00 34.00
97.00 92.00 86.00 76.00 67.00 60.00 54.00 52.00 51.00 48.00 47.00 46.00 44.00 42.00 40.00 39.00 38.00 36.00 34.00 36.00 43.00 47.00 44.00 40.00 35.00 33.00 40.00 50.00 52.00 51.00 51.00 49.00 45.00 42.00 38.00 34.00 32.00 29.00 25.00 24.00 22.00 21.00 26.00 35.00 44.00 49.00 50.00 36.00 23.00 16.00 13.00 14.00 22.00 32.00 44.00 52.00 54.00 58.00 61.00 55.00 37.00 19.00 15.00 14.00 14.00 14.00 17.00 19.00 20.00 22.00 21.00 23.00 24.00 24.00 22.00 21.00 22.00 22.00
99.00 89.00 81.00 74.00 66.00 60.00 58.00 57.00 55.00 54.00 53.00 50.00 49.00 48.00 47.00 46.00 44.00 41.00 40.00 39.00 37.00 34.00 33.00 34.00 34.00 35.00 46.00 53.00 56.00 56.00 56.00 53.00 50.00 47.00 44.00 40.00 36.00 34.00 32.00 28.00 27.00 27.00 27.00 27.00 27.00 26.00 23.00 20.00 18.00 18.00 18.00 17.00 16.00 19.00 30.00 46.00 52.00 53.00 54.00 50.00 38.00 28.00 25.00 22.00 22.00 20.00 20.00 21.00 22.00 23.00 25.00 30.00 36.00 40.00 39.00 37.00 34.00 31.00
94.00 89.00 88.00 80.00 69.00 65.00 65.00 64.00 62.00 60.00 58.00 57.00 56.00 55.00 54.00 53.00 51.00 48.00 46.00 43.00 40.00 36.00 33.00 35.00 35.00 40.00 53.00 56.00 57.00 57.00 56.00 54.00 52.00 49.00 45.00 42.00 39.00 37.00 33.00 31.00 32.00 30.00 28.00 28.00 26.00 25.00 23.00 22.00 21.00 20.00 20.00 22.00 20.00 16.00 17.00 23.00 28.00 28.00 26.00 24.00 21.00 19.00 19.00 19.00 20.00 20.00 23.00 27.00 33.00 33.00 29.00 41.00 52.00 53.00 52.00 53.00 51.00 48.00
95.00 94.00 89.00 79.00 73.00 75.00 74.00 71.00 66.00 63.00 61.00 58.00 57.00 55.00 53.00 50.00 47.00 44.00 41.00 38.00 36.00 35.00 36.00 38.00 39.00 45.00 55.00 58.00 58.00 55.00 52.00 50.00 49.00 47.00 45.00 42.00 40.00 37.00 35.00 37.00 36.00 32.00 28.00 29.00 29.00 28.00 27.00 26.00 25.00 23.00 21.00 20.00 19.00 19.00 17.00 16.00 17.00 18.00 18.00 19.00 20.00 21.00 23.00 25.00 30.00 37.00 42.00 50.00 58.00 46.00 34.00 32.00 40.00 49.00 58.00 63.00 62.00 63.00
99.00 95.00 89.00 87.00 86.00 87.00 82.00 72.00 65.00 60.00 56.00 52.00 51.00 50.00 48.00 45.00 41.00 40.00 38.00 38.00 40.00 41.00 46.00 49.00 51.00 56.00 58.00 60.00 60.00 56.00 53.00 50.00 48.00 46.00 44.00 42.00 39.00 37.00 38.00 39.00 37.00 31.00 30.00 31.00 31.00 29.00 28.00 25.00 23.00 21.00 21.00 20.00 20.00 19.00 18.00 17.00 17.00 19.00 25.00 35.00 42.00 45.00 44.00 37.00 39.00 42.00 53.00 61.00 65.00 54.00 43.00 37.00 33.00 32.00 34.00 40.00 46.00 53.00
100.00 96.00 95.00 94.00 92.00 86.00 74.00 65.00 59.00 56.00 56.00 57.00 55.00 51.00 47.00 43.00 44.00 44.00 41.00 45.00 50.00 55.00 60.00 64.00 66.00 65.00 65.00 64.00 61.00 59.00 57.00 53.00 51.00 49.00 45.00 43.00 42.00 41.00 41.00 39.00 34.00 32.00 34.00 35.00 34.00 32.00 30.00 27.00 24.00 23.00 23.00 21.00 20.00 20.00 19.00 18.00 21.00 21.00 20.00 26.00 33.00 40.00 47.00 35.00 28.00 28.00 34.00 41.00 58.00 62.00 55.00 49.00 43.00 41.00 39.00 38.00 38.00 37.00
102.00 100.00 98.00 93.00 84.00 73.00 65.00 61.00 60.00 61.00 60.00 56.00 51.00 47.00 42.00 44.00 49.00 50.00 48.00 52.00 57.00 67.00 72.00 73.00 74.00 73.00 71.00 69.00 65.00 61.00 59.00 57.00 54.00 51.00 48.00 47.00 46.00 44.00 42.00 36.00 36.00 38.00 38.00 36.00 35.00 34.00 32.00 29.00 26.00 26.00 25.00 23.00 22.00 21.00 19.00 19.00 21.00 25.00 21.00 20.00 27.00 34.00 37.00 32.00 26.00 25.00 27.00 33.00 48.00 65.00 69.00 66.00 56.00 52.00 51.00 50.00 48.00 45.00
106.00 100.00 91.00 82.00 74.00 70.00 68.00 66.00 66.00 63.00 58.00 53.00 52.00 49.00 47.00 50.00 54.00 54.00 51.00 52.00 58.00 68.00 76.00 78.00 78.00 77.00 75.00 72.00 67.00 65.00 65.00 62.00 57.00 53.00 51.00 50.00 48.00 44.00 38.00 39.00 42.00 42.00 39.00 37.00 36.00 35.00 33.00 31.00 29.00 27.00 26.00 28.00 27.00 24.00 21.00 20.00 20.00 21.00 23.00 21.00 26.00 37.00 43.00 35.00 26.00 24.00 25.00 27.00 33.00 42.00 57.00 67.00 68.00 66.00 63.00 59.00 57.00 53.00
105.00 98.00 92.00 87.00 82.00 77.00 72.00 69.00 64.00 57.00 54.00 58.00 59.00 53.00 52.00 56.00 57.00 55.00 52.00 55.00 66.00 75.00 79.00 79.00 79.00 79.00 77.00 75.00 72.00 71.00 70.00 66.00 62.00 58.00 56.00 53.00 49.00 40.00 41.00 47.00 47.00 45.00 42.00 40.00 40.00 38.00 36.00 35.00 33.00 29.00 29.00 30.00 28.00 26.00 24.00 23.00 22.00 21.00 22.00 22.00 25.00 34.00 37.00 28.00 23.00 23.00 24.00 25.00 27.00 31.00 38.00 51.00 68.00 75.00 70.00 64.00 61.00 57.00
110.00 106.00 104.00 95.00 86.00 78.00 72.00 67.00 64.00 60.00 61.00 65.00 65.00 59.00 57.00 60.00 60.00 57.00 55.00 60.00 70.00 77.00 80.00 80.00 78.00 76.00 73.00 72.00 72.00 72.00 71.00 69.00 66.00 63.00 58.00 48.00 42.00 49.00 52.00 52.00 51.00 48.00 46.00 45.00 43.00 41.00 40.00 38.00 34.00 31.00 32.00 32.00 30.00 29.00 30.00 28.00 26.00 25.00 23.00 22.00 23.00 27.00 25.00 23.00 24.00 24.00 25.00 25.00 25.00 27.00 31.00 37.00 51.00 71.00 78.00 74.00 68.00 60.00
111.00 110.00 105.00 94.00 87.00 84.00 78.00 72.00 68.00 65.00 68.00 72.00 72.00 69.00 65.00 65.00 64.00 60.00 65.00 71.00 79.00 81.00 81.00 81.00 78.00 75.00 71.00 67.00 66.00 69.00 70.00 69.00 66.00 61.00 54.00 45.00 46.00 60.00 57.00 55.00 55.00 53.00 52.00 50.00 47.00 46.00 43.00 39.00 34.00 34.00 37.00 36.00 35.00 34.00 34.00 33.00 31.00 29.00 26.00 25.00 23.00 22.00 22.00 23.00 24.00 25.00 25.00 26.00 26.00 27.00 27.00 30.00 35.00 46.00 62.00 75.00 80.00 69.00
100.00 103.00 104.00 98.00 93.00 87.00 80.00 73.00 72.00 72.00 75.00 77.00 75.00 69.00 68.00 70.00 67.00 68.00 76.00 79.00 82.00 83.00 82.00 80.00 77.00 72.00 70.00 71.00 67.00 64.00 65.00 64.00 60.00 53.00 45.00 39.00 45.00 62.00 60.00 59.00 59.00 58.00 56.00 53.00 52.00 50.00 46.00 41.00 39.00 41.00 41.00 41.00 39.00 39.00 39.00 37.00 35.00 33.00 31.00 27.00 25.00 28.00 31.00 32.00 32.00 33.00 31.00 28.00 28.00 28.00 28.00 29.00 30.00 33.00 40.00 55.00 70.00 71.00
113.00 109.00 109.00 102.00 92.00 85.00 80.00 79.00 81.00 81.00 82.00 82.00 76.00 71.00 73.00 72.00 68.00 73.00 81.00 84.00 84.00 84.00 81.00 78.00 74.00 72.00 73.00 74.00 72.00 67.00 63.00 57.00 51.00 51.00 51.00 43.00 44.00 60.00 63.00 63.00 62.00 60.00 59.00 59.00 56.00 55.00 53.00 50.00 49.00 48.00 46.00 44.00 43.00 43.00 41.00 39.00 37.00 35.00 33.00 30.00 27.00 34.00 41.00 45.00 49.00 47.00 35.00 31.00 30.00 31.00 31.00 30.00 30.00 30.00 33.00 38.00 48.00 60.00
114.00 111.00 105.00 97.00 91.00 88.00 86.00 86.00 87.00 87.00 86.00 82.00 78.00 76.00 74.00 71.00 71.00 77.00 85.00 88.00 86.00 84.00 82.00 80.00 78.00 76.00 77.00 77.00 74.00 71.00 70.00 67.00 63.00 64.00 62.00 55.00 45.00 55.00 67.00 68.00 66.00 64.00 64.00 63.00 65.00 72.00 74.00 66.00 56.00 52.00 50.00 48.00 45.00 41.00 37.00 34.00 32.00 31.00 29.00 27.00 27.00 30.00 32.00 37.00 52.00 61.00 50.00 40.00 35.00 33.00 33.00 32.00 31.00 31.00 33.00 38.00 42.00 48.00
113.00 108.00 103.00 98.00 98.00 96.00 92.00 91.00 92.00 92.00 87.00 82.00 80.00 79.00 76.00 75.00 78.00 85.00 92.00 92.00 89.00 87.00 85.00 83.00 80.00 80.00 80.00 78.00 77.00 76.00 74.00 70.00 67.00 66.00 64.00 56.00 45.00 51.00 65.00 70.00 72.00 71.00 70.00 69.00 77.00 84.00 80.00 69.00 60.00 55.00 50.00 47.00 43.00 39.00 37.00 36.00 32.00 28.00 26.00 28.00 37.00 41.00 40.00 36.00 37.00 44.00 62.00 57.00 43.00 36.00 35.00 34.00 35.00 36.00 42.00 49.00 48.00 55.00
117.00 112.00 106.00 106.00 106.00 104.00 100.00 99.00 99.00 96.00 90.00 85.00 84.00 83.00 81.00 80.00 84.00 91.00 98.00 98.00 95.00 92.00 88.00 87.00 86.00 84.00 82.00 79.00 76.00 71.00 63.00 54.00 49.00 52.00 52.00 47.00 42.00 50.00 64.00 72.00 74.00 75.00 76.00 76.00 78.00 78.00 70.00 62.00 57.00 54.00 51.00 48.00 44.00 41.00 38.00 34.00 30.00 27.00 29.00 37.00 43.00 45.00 46.00 47.00 46.00 42.00 45.00 54.00 53.00 41.00 36.00 37.00 40.00 44.00 48.00 54.00 59.00 68.00
117.00 114.00 113.00 114.00 114.00 111.00 108.00 107.00 105.00 99.00 93.00 90.00 90.00 89.00 86.00 86.00 89.00 99.00 106.00 105.00 102.00 97.00 95.00 94.00 91.00 86.00 78.00 70.00 60.00 52.00 49.00 48.00 47.00 47.00 45.00 42.00 44.00 58.00 65.00 69.00 73.00 76.00 77.00 75.00 75.00 74.00 70.00 65.00 61.00 58.00 56.00 52.00 48.00 43.00 35.00 28.00 26.00 29.00 35.00 40.00 49.00 52.00 51.00 54.00 56.00 54.00 45.00 46.00 56.00 49.00 39.00 38.00 40.00 45.00 54.00 60.00 69.00 83.00
118.00 119.00 121.00 122.00 120.00 116.00 115.00 113.00 107.00 101.00 99.00 98.00 99.00 96.00 93.00 94.00 101.00 112.00 114.00 112.00 108.00 104.00 99.00 92.00 82.00 70.00 57.00 53.00 54.00 54.00 54.00 52.00 49.00 46.00 44.00 44.00 51.00 66.00 72.00 74.00 76.00 76.00 74.00 70.00 69.00 70.00 69.00 65.00 64.00 62.00 59.00 55.00 50.00 40.00 29.00 27.00 31.00 37.00 41.00 43.00 44.00 56.00 66.00 63.00 65.00 64.00 53.00 46.00 45.00 45.00 41.00 41.00 44.00 50.00 72.00 94.00 100.00 103.00
124.00 125.00 128.00 128.00 125.00 123.00 121.00 117.00 111.00 108.00 108.00 108.00 106.00 102.00 102.00 107.00 117.00 122.00 120.00 117.00 112.00 105.00 91.00 76.00 65.00 57.00 55.00 59.00 60.00 58.00 54.00 51.00 52.00 53.00 57.00 58.00 57.00 69.00 72.00 74.00 75.00 72.00 67.00 60.00 58.00 59.00 62.00 65.00 67.00 61.00 50.00 42.00 38.00 32.00 29.00 32.00 39.00 43.00 46.00 47.00 47.00 57.00 70.00 71.00 72.00 69.00 56.00 51.00 49.00 48.00 43.00 45.00 51.00 59.00 87.00 136.00 150.00 138.00
132.00 132.00 134.00 134.00 132.00 129.00 125.00 119.00 117.00 118.00 117.00 113.00 109.00 110.00 118.00 128.00 130.00 128.00 123.00 114.00 99.00 83.00 71.00 65.00 60.00 60.00 65.00 67.00 66.00 62.00 61.00 64.00 67.00 71.00 73.00 65.00 59.00 64.00 68.00 72.00 72.00 67.00 60.00 54.00 57.00 58.00 55.00 54.00 54.00 45.00 35.00 31.00 29.00 28.00 32.00 42.00 48.00 51.00 52.00 51.00 50.00 50.00 62.00 72.00 71.00 66.00 57.00 51.00 45.00 43.00 44.00 47.00 58.00 74.00 88.00 122.00 162.00 174.00
144.00 144.00 142.00 141.00 139.00 134.00 132.00 131.00 129.00 129.00 125.00 120.00 119.00 122.00 130.00 135.00 130.00 120.00 109.00 96.00 82.00 72.00 65.00 63.00 64.00 70.00 74.00 72.00 68.00 66.00 73.00 78.00 79.00 78.00 72.00 61.00 59.00 67.00 72.00 75.00 72.00 66.00 59.00 58.00 65.00 69.00 70.00 62.00 50.00 39.00 32.00 29.00 30.00 32.00 37.00 45.00 54.00 58.00 55.00 54.00 52.00 50.00 51.00 57.00 67.00 65.00 54.00 49.00 45.00 42.00 45.00 49.00 50.00 62.00 78.00 93.00 122.00 160.00
156.00 156.00 154.00 151.00 146.00 143.00 145.00 143.00 142.00 140.00 136.00 133.00 132.00 131.00 129.00 123.00 114.00 103.00 95.00 91.00 83.00 75.00 76.00 76.00 78.00 81.00 79.00 72.00 70.00 77.00 83.00 82.00 76.00 68.00 59.00 54.00 58.00 68.00 76.00 77.00 72.00 66.00 61.00 65.00 73.00 77.00 75.00 65.00 46.00 33.00 29.00 31.00 38.00 44.00 49.00 51.00 53.00 54.00 54.00 54.00 54.00 55.00 54.00 53.00 62.00 68.00 58.00 52.00 47.00 44.00 45.00 50.00 50.00 52.00 64.00 84.00 113.00 151.00
167.00 167.00 165.00 160.00 153.00 152.00 153.00 154.00 153.00 149.00 145.00 140.00 134.00 127.00 119.00 110.00 100.00 89.00 84.00 85.00 88.00 93.00 94.00 93.00 92.00 87.00 79.00 76.00 81.00 84.00 82.00 75.00 66.00 61.00 56.00 57.00 63.00 73.00 78.00 77.00 71.00 65.00 64.00 72.00 77.00 77.00 68.00 51.00 36.00 30.00 31.00 37.00 46.00 53.00 56.00 57.00 58.00 57.00 57.00 58.00 59.00 58.00 56.00 53.00 56.00 64.00 61.00 53.00 50.00 50.00 50.00 53.00 53.00 54.00 70.00 98.00 137.00 166.00
183.00 180.00 172.00 164.00 160.00 162.00 162.00 162.00 158.00 153.00 145.00 136.00 125.00 112.00 104.00 96.00 86.00 85.00 96.00 106.00 109.00 109.00 107.00 104.00 97.00 88.00 87.00 89.00 87.00 81.00 74.00 68.00 66.00 63.00 59.00 63.00 69.00 73.00 74.00 72.00 66.00 66.00 71.00 75.00 75.00 67.00 53.00 39.00 33.00 31.00 32.00 37.00 45.00 52.00 57.00 58.00 59.00 60.00 60.00 63.00 65.00 62.00 57.00 54.00 56.00 63.00 66.00 58.00 56.00 65.00 70.00 68.00 61.00 55.00 65.00 86.00 116.00 159.00
190.00 185.00 176.00 169.00 172.00 174.00 172.00 166.00 158.00 150.00 141.00 130.00 116.00 99.00 89.00 91.00 99.00 109.00 120.00 123.00 121.00 116.00 110.00 105.00 100.00 98.00 96.00 90.00 83.00 77.00 73.00 69.00 65.00 64.00 68.00 70.00 72.00 72.00 70.00 68.00 68.00 72.00 76.00 75.00 65.00 52.00 40.00 34.00 32.00 34.00 35.00 37.00 42.00 49.00 55.00 56.00 59.00 65.00 64.00 62.00 64.00 65.00 61.00 57.00 57.00 63.00 70.00 62.00 62.00 74.00 87.00 81.00 66.00 59.00 59.00 71.00 100.00 150.00
192.00 186.00 179.00 179.00 184.00 184.00 177.00 167.00 157.00 149.00 142.00 135.00 124.00 107.00 106.00 120.00 132.00 133.00 136.00 135.00 126.00 118.00 113.00 110.00 104.00 99.00 94.00 89.00 84.00 81.00 76.00 72.00 71.00 72.00 74.00 74.00 73.00 73.00 73.00 75.00 76.00 77.00 75.00 68.00 55.00 42.00 35.00 34.00 37.00 42.00 46.00 46.00 47.00 47.00 48.00 50.00 56.00 60.00 59.00 60.00 62.00 65.00 62.00 59.00 58.00 60.00 72.00 68.00 69.00 73.00 78.00 82.00 74.00 65.00 61.00 65.00 86.00 125.00
191.00 190.00 190.00 188.00 187.00 183.00 177.00 171.00 163.00 150.00 140.00 132.00 126.00 124.00 137.00 146.00 149.00 151.00 151.00 144.00 133.00 123.00 116.00 110.00 104.00 101.00 96.00 90.00 85.00 82.00 80.00 80.00 79.00 78.00 77.00 77.00 79.00 79.00 78.00 76.00 71.00 65.00 57.00 49.00 42.00 37.00 36.00 42.00 48.00 50.00 52.00 53.00 53.00 50.00 47.00 48.00 52.00 53.00 53.00 56.00 59.00 63.00 62.00 62.00 60.00 60.00 66.00 66.00 71.00 72.00 72.00 74.00 71.00 67.00 65.00 63.00 77.00 95.00
