data/test/data/MeshRefinementTests/gebcoIntegers.asc
ncols         312
nrows         240
xllcenter       -1.24791667
yllcenter       48.85208333
cellsize         0.00416666667
NODATA_value   32767.00
[rows 174 to 231 of 240, columns 192 to 287 of 312]
96 87 81 77 73 70 67 65 62 58 45 27 15 10 16 29 34 35 38 42 46 51 59 64 65 65 61 57 57 57 60 61 58 58 56 52 49 46 43 42 43 41 39 39 39 37 33 32 32 33 34 32 31 29 26 25 24 22 20 21 23 22 22 21 22 23 22 22 22 21 29 58 67 61 53 47 43 41 40 40 40 37 31 23 20 27 30 28 20 13 11 11 9 6 6 6
92 87 84 81 76 73 69 65 62 59 56 47 32 19 11 22 33 35 38 40 44 52 63 68 69 69 65 61 59 57 61 64 63 61 61 59 54 51 49 48 47 45 46 46 44 40 39 39 39 38 37 36 33 28 25 22 21 21 22 24 26 26 26 27 28 27 25 25 23 22 37 59 58 54 45 41 42 44 44 44 42 35 26 19 27 34 31 24 18 13 14 15 16 10 7 7
83 82 81 80 75 70 66 62 59 57 55 54 51 37 16 13 26 33 37 42 49 59 65 70 72 71 68 64 61 61 67 70 68 67 67 64 60 57 56 54 52 53 54 52 49 48 50 47 39 34 32 30 27 25 22 22 22 21 22 24 26 30 31 31 31 31 30 28 24 21 27 29 25 28 34 42 51 51 48 45 42 33 22 24 38 39 29 19 15 14 16 18 20 14 8 7
70 67 67 66 63 58 58 61 57 56 55 53 52 52 36 16 25 39 44 50 60 69 73 73 74 75 73 72 71 71 75 77 76 75 73 71 68 66 64 62 61 60 58 59 59 56 54 43 36 33 31 29 27 27 25 23 22 22 24 24 25 34 36 36 35 35 32 30 27 24 22 23 22 23 34 52 59 57 54 46 36 23 22 39 46 42 35 24 16 14 15 17 23 23 12 8
58 54 55 53 46 42 47 53 52 56 55 53 52 47 37 22 31 43 46 53 66 76 78 79 79 79 78 76 74 73 74 77 79 80 78 77 76 73 71 68 68 67 66 65 62 60 54 48 46 42 39 37 35 34 32 30 29 28 27 27 27 33 37 36 35 35 34 32 29 28 27 24 23 23 27 42 57 57 50 40 28 19 28 38 46 49 45 34 23 18 15 15 18 20 13 8
50 48 45 45 45 47 41 37 39 44 47 51 49 43 29 26 41 53 57 60 70 80 83 83 82 79 76 74 71 69 70 74 80 83 84 84 82 80 76 73 73 74 72 67 66 65 61 58 54 50 48 46 44 42 40 38 37 36 33 31 29 28 28 29 34 37 36 34 34 33 30 29 27 27 33 43 44 39 35 28 20 21 38 47 50 51 46 40 33 24 18 16 14 12 10 10
69 62 59 62 62 60 55 45 30 20 20 21 23 21 29 48 54 57 61 65 68 72 73 72 69 66 64 63 66 71 75 77 80 85 89 90 88 85 82 80 80 78 75 73 74 74 73 69 62 58 54 52 50 49 47 44 42 38 35 32 30 31 34 39 41 40 40 40 39 34 33 34 32 32 41 48 44 37 33 27 20 22 41 58 61 58 52 48 39 28 21 16 12 11 13 14
76 71 69 69 65 58 47 31 26 33 35 36 35 26 36 54 58 60 63 64 62 59 56 54 53 54 56 59 65 73 78 80 83 86 90 95 96 93 92 88 86 84 82 81 80 80 78 72 63 57 53 50 48 47 46 43 40 37 34 32 31 31 38 43 44 46 46 43 37 37 41 39 37 35 35 36 32 27 24 22 23 21 31 56 68 68 62 57 47 34 21 13 13 18 26 37
82 73 67 63 55 40 25 30 40 45 48 52 48 31 34 47 56 57 56 51 49 50 52 54 57 58 59 61 63 66 72 76 82 87 91 97 103 103 100 97 94 92 91 88 87 84 77 65 57 51 48 46 43 43 42 39 36 35 35 34 32 33 40 47 49 50 45 38 37 46 48 45 43 41 39 36 32 28 26 24 22 22 23 31 54 67 67 69 63 42 22 14 13 20 30 39
81 70 58 50 41 25 24 40 51 58 63 65 59 46 38 31 28 28 33 40 49 55 58 60 62 62 62 65 68 70 74 78 81 87 92 101 108 110 107 103 102 101 97 92 86 76 67 60 54 52 51 48 47 46 44 42 40 39 38 36 34 36 43 47 44 40 35 33 40 50 52 51 51 49 45 42 38 34 32 29 25 24 22 21 26 35 44 49 50 36 23 16 13 14 22 32
72 64 59 53 43 27 38 53 64 70 73 67 56 53 52 45 38 31 43 54 57 59 62 64 65 67 66 68 73 77 79 82 84 87 95 108 115 114 111 107 108 106 99 89 81 74 66 60 58 57 55 54 53 50 49 48 47 46 44 41 40 39 37 34 33 34 34 35 46 53 56 56 56 53 50 47 44 40 36 34 32 28 27 27 27 27 27 26 23 20 18 18 18 17 16 19
76 69 67 63 45 35 53 64 73 77 74 65 63 64 64 60 49 28 21 44 58 61 63 66 69 70 71 73 77 81 84 85 87 92 101 110 114 115 112 109 108 103 94 89 88 80 69 65 65 64 62 60 58 57 56 55 54 53 51 48 46 43 40 36 33 35 35 40 53 56 57 57 56 54 52 49 45 42 39 37 33 31 32 30 28 28 26 25 23 22 21 20 20 22 20 16
77 76 72 54 36 48 60 69 78 83 80 73 73 75 74 69 59 47 40 49 56 60 64 67 70 73 74 74 75 77 81 87 91 94 102 110 113 114 111 107 104 99 95 94 89 79 73 75 74 71 66 63 61 58 57 55 53 50 47 44 41 38 36 35 36 38 39 45 55 58 58 55 52 50 49 47 45 42 40 37 35 37 36 32 28 29 29 28 27 26 25 23 21 20 19 19
66 64 48 40 58 68 70 74 83 90 90 84 82 82 78 70 62 60 54 46 46 45 56 65 69 69 69 72 74 78 82 88 93 97 102 110 115 115 112 108 105 103 99 95 89 87 86 87 82 72 65 60 56 52 51 50 48 45 41 40 38 38 40 41 46 49 51 56 58 60 60 56 53 50 48 46 44 42 39 37 38 39 37 31 30 31 31 29 28 25 23 21 21 20 20 19
43 32 31 58 73 79 82 85 91 96 96 91 87 82 75 71 71 70 66 65 58 48 44 53 64 70 76 79 80 82 85 90 96 100 105 111 115 116 114 110 108 105 100 96 95 94 92 86 74 65 59 56 56 57 55 51 47 43 44 44 41 45 50 55 60 64 66 65 65 64 61 59 57 53 51 49 45 43 42 41 41 39 34 32 34 35 34 32 30 27 24 23 23 21 20 20
66 53 57 70 79 86 91 96 98 98 97 94 89 82 78 80 81 79 77 71 68 67 54 63 83 86 86 86 87 88 91 94 98 103 105 107 111 116 115 112 110 107 102 100 98 93 84 73 65 61 60 61 60 56 51 47 42 44 49 50 48 52 57 67 72 73 74 73 71 69 65 61 59 57 54 51 48 47 46 44 42 36 36 38 38 36 35 34 32 29 26 26 25 23 22 21
76 69 63 72 82 91 97 100 100 99 100 99 95 89 89 91 92 90 83 80 88 81 67 60 64 76 88 91 92 94 95 96 97 98 98 98 103 110 116 116 113 110 106 100 91 82 74 70 68 66 66 63 58 53 52 49 47 50 54 54 51 52 58 68 76 78 78 77 75 72 67 65 65 62 57 53 51 50 48 44 38 39 42 42 39 37 36 35 33 31 29 27 26 28 27 24
85 82 74 77 85 94 97 97 98 102 107 108 106 102 101 103 102 92 85 100 103 95 95 88 65 59 71 85 96 99 97 91 91 93 92 95 99 106 115 119 117 112 105 98 92 87 82 77 72 69 64 57 54 58 59 53 52 56 57 55 52 55 66 75 79 79 79 79 77 75 72 71 70 66 62 58 56 53 49 40 41 47 47 45 42 40 40 38 36 35 33 29 29 30 28 26
82 82 84 87 95 101 105 105 103 109 115 119 117 112 113 112 104 96 104 115 113 111 110 101 84 73 65 61 73 80 80 86 90 92 95 100 106 113 121 125 122 116 110 106 104 95 86 78 72 67 64 60 61 65 65 59 57 60 60 57 55 60 70 77 80 80 78 76 73 72 72 72 71 69 66 63 58 48 42 49 52 52 51 48 46 45 43 41 40 38 34 31 32 32 30 29
89 94 98 101 110 120 123 118 111 114 121 125 124 121 120 115 114 122 128 128 124 122 120 115 107 96 90 89 77 67 76 90 96 100 102 105 110 119 129 132 129 121 111 110 105 94 87 84 78 72 68 65 68 72 72 69 65 65 64 60 65 71 79 81 81 81 78 75 71 67 66 69 70 69 66 61 54 45 46 60 57 55 55 53 52 50 47 46 43 39 34 34 37 36 35 34
105 116 118 120 117 122 131 128 120 124 133 135 130 126 120 116 127 135 136 133 132 129 122 115 109 107 108 101 89 81 72 78 91 98 101 102 108 119 127 125 116 110 100 103 104 98 93 87 80 73 72 72 75 77 75 69 68 70 67 68 76 79 82 83 82 80 77 72 70 71 67 64 65 64 60 53 45 39 45 62 60 59 59 58 56 53 52 50 46 41 39 41 41 41 39 39
113 133 138 136 130 127 132 134 131 136 145 143 137 129 121 117 120 134 138 135 132 128 124 123 120 115 108 97 95 88 90 89 81 78 86 96 106 115 119 117 116 118 113 109 109 102 92 85 80 79 81 81 82 82 76 71 73 72 68 73 81 84 84 84 81 78 74 72 73 74 72 67 63 57 51 51 51 43 44 60 63 63 62 60 59 59 56 55 53 50 49 48 46 44 43 43
111 130 143 143 141 136 132 134 138 145 157 154 144 137 132 129 132 136 141 141 137 133 134 132 129 121 110 108 104 98 104 104 100 86 85 97 105 108 111 110 110 112 114 111 105 97 91 88 86 86 87 87 86 82 78 76 74 71 71 77 85 88 86 84 82 80 78 76 77 77 74 71 70 67 63 64 62 55 45 55 67 68 66 64 64 63 65 72 74 66 56 52 50 48 45 41
111 128 143 148 150 149 150 147 149 155 166 166 158 148 145 149 151 152 151 147 142 138 138 137 129 122 120 116 111 117 118 118 117 105 87 92 100 104 106 108 110 113 113 108 103 98 98 96 92 91 92 92 87 82 80 79 76 75 78 85 92 92 89 87 85 83 80 80 80 78 77 76 74 70 67 66 64 56 45 51 65 70 72 71 70 69 77 84 80 69 60 55 50 47 43 39
102 113 126 141 159 170 173 167 165 169 171 172 167 160 160 163 164 163 160 155 152 146 138 130 124 128 127 120 119 125 128 130 125 110 107 113 114 114 117 119 121 120 117 112 106 106 106 104 100 99 99 96 90 85 84 83 81 80 84 91 98 98 95 92 88 87 86 84 82 79 76 71 63 54 49 52 52 47 42 50 64 72 74 75 76 76 78 78 70 62 57 54 51 48 44 41
106 120 134 147 159 173 181 181 182 183 181 178 176 170 173 174 175 170 165 160 156 148 139 133 133 134 130 130 132 134 134 128 111 95 106 121 130 131 130 129 127 123 117 114 113 114 114 111 108 107 105 99 93 90 90 89 86 86 89 99 106 105 102 97 95 94 91 86 78 70 60 52 49 48 47 47 45 42 44 58 65 69 73 76 77 75 75 74 70 65 61 58 56 52 48 43
104 125 142 153 169 180 185 190 193 194 192 188 182 175 179 182 177 174 170 165 160 155 146 139 139 138 139 141 140 138 130 112 93 84 95 117 134 138 137 135 130 123 118 119 121 122 120 116 115 113 107 101 99 98 99 96 93 94 101 112 114 112 108 104 99 92 82 70 57 53 54 54 54 52 49 46 44 44 51 66 72 74 76 76 74 70 69 70 69 65 64 62 59 55 50 40
122 122 133 150 168 178 180 181 180 182 185 185 182 174 171 172 174 177 179 178 173 161 151 151 150 149 151 151 147 137 121 100 87 87 100 118 135 142 143 139 132 125 124 125 128 128 125 123 121 117 111 108 108 108 106 102 102 107 117 122 120 117 112 105 91 76 65 57 55 59 60 58 54 51 52 53 57 58 57 69 72 74 75 72 67 60 58 59 62 65 67 61 50 42 38 32
152 154 156 165 173 176 177 175 170 165 169 171 172 173 174 177 181 184 188 188 181 170 164 166 165 163 162 158 156 148 128 101 96 106 121 138 146 150 150 145 138 135 132 132 134 134 132 129 125 119 117 118 117 113 109 110 118 128 130 128 123 114 99 83 71 65 60 60 65 67 66 62 61 64 67 71 73 65 59 64 68 72 72 67 60 54 57 58 55 54 54 45 35 31 29 28
166 170 170 169 168 169 164 152 149 160 170 174 176 177 178 181 184 184 184 181 177 174 173 175 172 166 162 163 166 164 145 122 140 146 145 153 159 162 159 154 149 146 144 144 142 141 139 134 132 131 129 129 125 120 119 122 130 135 130 120 109 96 82 72 65 63 64 70 74 72 68 66 73 78 79 78 72 61 59 67 72 75 72 66 59 58 65 69 70 62 50 39 32 29 30 32
162 158 151 146 142 143 134 136 150 159 164 168 172 176 180 182 180 173 168 165 164 163 163 166 170 169 170 171 167 153 130 135 152 158 160 165 170 172 166 160 156 155 156 156 154 151 146 143 145 143 142 140 136 133 132 131 129 123 114 103 95 91 83 75 76 76 78 81 79 72 70 77 83 82 76 68 59 54 58 68 76 77 72 66 61 65 73 77 75 65 46 33 29 31 38 44
133 124 119 114 114 119 123 126 137 143 146 153 164 173 178 181 181 175 169 165 163 159 154 150 150 155 162 166 159 140 129 126 137 146 155 164 171 174 172 169 166 165 167 167 165 160 153 152 153 154 153 149 145 140 134 127 119 110 100 89 84 85 88 93 94 93 92 87 79 76 81 84 82 75 66 61 56 57 63 73 78 77 71 65 64 72 77 77 68 51 36 30 31 37 46 53
105 101 111 117 129 141 150 149 139 135 147 157 165 172 178 182 184 184 180 174 167 158 150 144 137 132 135 136 133 143 147 131 144 156 163 168 170 173 176 179 181 183 183 180 172 164 160 162 162 162 158 153 145 136 125 112 104 96 86 85 96 106 109 109 107 104 97 88 87 89 87 81 74 68 66 63 59 63 69 73 74 72 66 66 71 75 75 67 53 39 33 31 32 37 45 52
86 109 137 145 143 140 152 164 159 148 144 146 156 166 175 181 185 185 179 171 163 154 145 138 132 126 124 127 129 140 143 131 150 168 171 171 172 173 177 181 186 191 190 185 176 169 172 174 172 166 158 150 141 130 116 99 89 91 99 109 120 123 121 116 110 105 100 98 96 90 83 77 73 69 65 64 68 70 72 72 70 68 68 72 76 75 65 52 40 34 32 34 35 37 42 49
109 110 137 151 155 152 154 163 166 165 166 158 158 167 177 183 181 176 171 165 156 147 139 132 128 130 135 138 141 147 151 138 132 153 168 166 167 172 177 182 188 192 192 186 179 179 184 184 177 167 157 149 142 135 124 107 106 120 132 133 136 135 126 118 113 110 104 99 94 89 84 81 76 72 71 72 74 74 73 73 73 75 76 77 75 68 55 42 35 34 37 42 46 46 47 47
135 118 115 136 152 157 158 163 168 173 175 169 168 176 180 177 169 162 156 148 141 137 135 138 139 141 146 150 152 154 153 147 132 130 149 163 171 172 176 181 186 189 191 190 190 188 187 183 177 171 163 150 140 132 126 124 137 146 149 151 151 144 133 123 116 110 104 101 96 90 85 82 80 80 79 78 77 77 79 79 78 76 71 65 57 49 42 37 36 42 48 50 52 53 53 50
150 141 122 124 141 154 167 175 179 183 188 186 187 183 173 164 158 151 146 148 150 147 147 153 154 152 156 163 165 164 160 155 139 123 133 149 158 162 167 172 177 184 191 197 200 197 190 182 173 165 159 159 159 152 135 131 143 152 157 159 157 148 137 126 118 111 107 103 97 90 87 89 89 89 88 87 85 82 78 72 64 56 51 47 43 40 37 34 38 46 53 58 58 57 55 51
159 147 132 126 141 159 173 188 197 200 202 199 190 178 170 166 159 157 160 161 162 159 162 168 171 169 170 174 174 172 167 159 144 126 124 136 147 159 167 173 178 186 193 200 204 201 192 182 172 164 158 153 148 143 141 146 151 154 157 162 163 158 150 139 130 121 112 105 101 99 97 99 104 107 102 91 80 69 64 58 54 49 49 48 45 41 36 35 37 45 54 60 62 59 54 53
158 152 146 137 139 156 172 186 196 202 204 197 185 175 168 163 167 177 178 177 177 175 180 185 186 182 180 181 181 181 176 166 154 135 128 142 147 148 157 170 178 188 197 202 204 201 191 181 174 168 162 155 149 143 139 140 148 155 161 166 167 163 155 147 139 129 119 111 108 106 104 105 104 98 89 79 67 46 59 63 56 50 47 43 41 40 38 37 37 42 51 60 64 62 60 60
176 172 158 141 140 155 166 174 186 203 207 198 186 179 173 176 188 197 198 196 190 187 188 189 186 181 180 179 176 174 173 170 154 134 129 144 161 167 162 164 174 182 191 196 199 198 192 182 173 167 162 156 150 143 139 146 156 167 175 175 170 165 161 156 148 136 122 112 108 105 101 95 90 89 88 84 80 75 68 59 52 50 48 47 47 47 44 38 37 39 45 55 62 62 64 66
182 175 162 150 147 159 174 186 199 210 212 203 190 182 183 194 204 212 212 205 195 189 184 180 174 168 166 168 167 157 149 142 137 138 137 137 155 167 167 164 173 179 183 187 190 189 185 181 177 171 162 151 144 140 140 149 160 172 179 177 174 171 167 158 146 133 119 110 103 98 94 91 89 87 88 86 79 68 59 56 55 56 58 64 62 52 45 39 37 39 44 52 59 64 67 67
189 182 176 169 166 168 180 195 207 215 211 201 201 198 201 212 212 214 211 203 194 188 184 183 182 175 162 157 160 161 153 143 153 163 146 136 151 164 168 168 168 170 175 179 181 180 175 171 168 162 156 149 143 139 141 148 154 161 169 171 172 172 166 157 144 129 115 106 100 98 97 94 91 91 90 82 71 63 61 62 67 77 86 82 63 50 43 39 39 40 44 53 59 61 63 65
188 194 190 191 195 194 190 201 214 223 221 222 223 214 208 216 213 210 205 200 196 192 190 186 175 172 181 186 186 172 156 165 178 171 145 141 153 162 172 176 176 176 176 176 177 173 166 161 159 155 149 145 142 140 141 146 151 155 160 166 170 171 167 157 139 122 111 105 103 101 97 93 92 89 82 75 72 72 74 80 96 103 90 66 53 49 47 43 40 41 44 48 50 52 55 62
144 164 180 206 220 213 203 205 219 236 245 246 236 222 220 220 210 201 197 193 187 181 180 183 191 195 191 178 165 154 163 183 179 159 143 153 168 171 174 180 183 182 179 177 173 168 162 158 154 150 145 142 141 142 142 145 149 152 157 163 167 168 164 150 131 120 114 109 106 103 100 99 94 84 78 78 85 103 112 113 108 90 74 64 59 54 50 46 42 41 42 44 47 51 57 65
156 147 146 168 201 222 229 232 243 256 257 253 244 236 233 221 214 217 211 203 202 199 200 204 202 199 197 184 167 174 188 184 166 154 150 156 169 173 179 186 189 188 183 177 171 165 158 153 150 147 145 143 143 144 142 144 148 151 155 159 162 165 162 150 140 131 120 114 112 109 110 106 96 91 97 103 113 125 122 113 101 93 89 83 69 55 47 44 42 42 44 49 56 61 65 71
232 221 182 160 153 166 190 214 239 260 265 262 255 251 244 235 237 237 229 219 213 206 199 191 185 182 176 173 180 195 191 172 162 167 163 163 173 178 182 188 190 187 181 174 167 161 155 151 150 148 148 146 145 144 144 145 146 149 152 156 161 166 164 157 147 137 131 128 126 124 125 117 111 122 135 135 132 130 125 118 110 102 93 80 64 54 48 43 43 43 45 49 54 57 63 69
243 256 245 211 181 179 178 190 212 241 265 271 266 257 249 245 242 237 232 221 209 198 189 190 195 207 207 203 198 192 183 172 170 176 173 171 175 183 185 186 184 178 172 166 162 162 159 155 154 156 157 153 148 147 146 147 150 154 156 159 163 162 157 147 137 131 132 134 137 141 144 141 137 144 144 140 136 132 124 114 101 91 79 70 66 59 49 45 44 43 44 46 50 57 63 66
234 243 245 228 218 235 238 233 229 238 263 276 270 256 240 229 222 215 211 204 197 197 207 218 222 222 213 200 190 184 179 174 172 179 183 180 178 188 190 187 183 179 176 173 169 165 164 164 164 165 163 157 151 147 146 149 154 156 155 155 156 155 151 143 137 134 130 123 122 124 129 144 151 147 138 140 137 132 123 113 107 101 94 83 69 59 54 50 47 45 45 46 51 60 67 68
248 253 254 247 240 238 257 280 289 288 285 286 279 263 250 242 233 224 217 211 209 222 234 239 233 220 207 200 196 193 186 180 177 182 190 190 186 192 196 203 206 205 202 197 189 182 177 174 169 163 159 155 152 149 147 148 150 151 152 154 156 156 153 147 143 138 133 127 120 113 109 115 133 122 114 132 127 113 105 100 101 100 90 73 61 55 53 53 50 48 46 46 48 52 55 57
243 254 254 258 263 261 267 283 289 280 275 272 269 273 278 274 265 250 239 229 221 230 240 235 224 224 223 212 204 199 193 188 186 189 199 202 198 195 201 211 221 222 223 221 215 205 191 180 171 165 160 158 157 155 152 150 150 152 154 156 156 153 148 141 135 128 123 121 118 113 110 106 100 95 91 96 89 81 77 75 77 74 66 59 56 55 57 58 56 54 49 47 48 50 50 51
190 213 220 233 244 247 262 277 266 255 252 249 253 264 284 288 280 270 256 243 240 242 239 232 234 241 234 217 211 206 199 198 197 199 207 208 203 203 212 219 227 230 231 233 232 223 209 198 192 185 174 172 168 158 152 150 151 152 153 152 150 147 142 136 130 119 107 105 107 102 95 91 87 83 80 80 75 71 70 68 64 62 63 64 64 62 61 59 59 56 50 50 51 53 54 54
155 179 185 199 210 205 209 217 210 232 233 219 231 254 278 286 280 271 262 261 259 251 244 242 245 245 235 222 214 208 205 206 206 206 212 212 209 207 210 216 223 229 232 230 227 220 213 210 208 201 195 187 173 160 153 152 154 155 153 148 140 137 138 130 119 111 97 88 88 89 93 95 95 91 84 82 81 82 82 77 73 70 68 64 61 61 63 63 58 52 53 55 56 56 57 59
133 159 165 189 200 182 174 160 163 184 209 200 205 236 251 255 250 246 242 245 239 230 232 239 243 245 239 230 226 224 223 221 220 215 217 220 218 216 214 216 218 218 216 216 212 210 210 211 209 206 205 202 193 177 163 159 158 155 150 145 136 120 110 104 96 95 97 104 109 111 112 109 105 101 96 93 92 90 87 81 74 69 67 67 69 70 67 63 56 54 58 60 60 60 62 65
99 109 121 137 146 150 152 156 180 190 184 164 182 223 233 232 225 219 211 210 207 213 224 229 230 231 232 229 226 225 226 226 227 225 220 222 226 224 221 218 214 207 202 200 197 197 199 199 199 199 200 199 194 185 175 167 159 147 136 129 122 112 112 118 122 122 121 120 120 117 113 110 106 103 103 101 96 87 81 80 80 77 72 71 69 66 65 65 59 55 59 62 63 63 65 68
68 67 82 97 96 99 111 136 155 168 176 158 154 179 194 206 200 195 188 179 195 218 222 220 221 225 227 219 210 208 209 214 220 223 223 222 226 228 225 216 209 204 201 199 196 195 194 190 186 186 189 193 193 190 185 176 166 155 140 127 130 137 144 148 144 140 133 125 120 117 116 115 112 109 105 94 85 86 90 88 81 77 74 73 72 71 71 69 61 56 57 60 62 65 66 68
51 50 58 74 86 101 111 104 109 117 120 126 155 168 177 182 177 161 152 152 165 180 193 213 227 234 235 227 212 203 207 222 232 232 230 230 230 228 223 219 216 213 208 203 201 198 192 187 182 179 177 177 179 181 180 175 163 153 142 138 139 146 154 156 154 150 140 128 123 123 121 118 114 106 93 88 96 100 96 85 84 84 80 79 76 76 74 71 67 62 57 58 61 63 66 67
82 58 69 83 92 89 72 65 69 104 117 126 143 154 153 146 136 140 175 202 205 211 207 211 225 236 238 235 222 205 206 223 239 242 241 240 235 228 220 216 216 214 208 202 198 193 188 184 181 179 178 175 173 177 182 183 172 156 147 153 156 154 155 157 158 155 145 132 127 124 119 111 102 93 97 108 109 104 93 87 94 93 86 83 80 77 73 71 70 70 67 63 60 61 65 65
147 97 67 69 71 74 68 59 67 85 92 104 113 114 120 136 145 157 185 210 223 237 244 246 245 237 228 222 211 200 213 227 231 230 232 236 235 230 222 212 208 203 197 192 190 186 182 179 177 176 174 174 178 181 183 185 180 172 164 164 164 162 160 159 157 152 144 133 123 113 107 111 113 108 115 119 112 101 91 95 102 99 91 85 80 76 75 77 77 75 72 67 63 62 61 65
