data/test/data/MeshRefinementTests/gebcoIntegers.asc
ncols         312
nrows         240
xllcenter       -1.24791667
yllcenter       48.85208333
cellsize         0.00416666667
NODATA_value   32767.00
[rows 174 to 231 of 240, columns 0 to 95 of 312]
89 85 89 93 91 90 94 100 101 97 91 82 64 49 52 61 70 76 77 81 81 76 75 60 45 60 71 74 66 35 23 25 21 24 27 24 31 62 69 63 76 80 67 65 61 61 77 91 105 111 111 106 104 111 117 119 121 123 134 139 133 131 136 144 150 151 143 135 130 124 119 119 115 121 126 124 125 124 121 128 138 138 131 123 111 103 98 95 94 88 90 102 116 128 132 126
98 97 99 102 101 101 103 103 101 94 81 69 61 52 54 61 72 81 87 91 93 89 87 73 54 58 65 67 63 50 46 48 49 49 44 30 21 32 38 44 50 55 63 73 75 79 80 82 87 90 95 100 107 108 100 97 101 108 118 126 131 139 147 155 162 158 148 138 130 127 128 124 122 128 137 136 130 125 129 139 146 145 134 122 110 104 110 114 108 97 104 122 135 143 139 128
104 104 106 109 109 109 106 100 92 82 77 74 60 51 60 65 70 79 90 99 101 94 84 70 55 51 55 63 63 57 56 57 54 49 35 21 23 33 38 43 48 55 61 66 73 81 90 96 98 95 92 87 88 90 97 102 108 118 123 128 137 148 158 162 159 154 148 139 136 139 136 134 134 138 144 139 133 132 138 146 148 140 130 122 117 128 142 137 113 96 106 119 131 140 140 137
93 95 101 104 106 105 104 98 93 90 88 74 56 59 73 80 81 87 100 104 96 77 67 63 66 71 74 73 66 50 32 21 21 23 28 33 35 40 46 48 50 56 61 65 74 83 85 81 76 71 75 83 91 96 98 101 106 109 113 122 135 140 141 144 144 145 150 151 152 150 148 152 152 159 157 148 147 151 157 157 146 135 131 131 129 140 139 123 101 87 94 108 119 124 128 135
74 84 90 91 94 100 105 104 98 92 85 70 58 68 82 92 96 99 102 96 90 82 77 74 78 80 74 68 59 35 19 31 40 41 46 50 58 64 66 65 68 72 79 84 88 85 76 68 66 74 82 88 91 88 85 87 92 101 108 114 118 121 128 133 139 151 163 170 168 161 170 180 178 175 166 163 169 175 170 159 152 151 146 141 143 140 123 107 93 88 97 105 106 108 113 118
62 69 77 83 89 94 99 96 89 80 71 64 57 66 80 84 89 95 95 92 93 91 90 88 82 73 67 58 46 30 27 45 55 57 59 64 71 79 83 85 88 92 97 97 93 88 78 71 76 80 82 82 79 80 79 83 90 96 98 107 117 126 136 146 152 168 185 192 184 181 188 192 187 174 168 174 183 189 183 178 176 167 158 150 142 135 119 101 90 88 95 97 101 106 111 116
62 66 74 78 80 86 92 88 82 80 77 67 63 68 75 84 91 96 88 81 84 79 80 84 78 63 52 50 44 28 27 50 64 72 74 76 78 84 92 87 83 90 98 94 84 73 62 57 58 61 63 68 73 77 82 89 98 105 104 107 117 134 149 165 173 181 201 211 200 187 177 183 186 170 156 159 169 173 175 172 165 157 149 139 127 118 108 99 92 89 93 95 100 104 109 115
77 77 74 76 84 94 98 94 87 79 69 60 68 75 78 84 91 94 84 71 71 66 60 59 54 47 41 36 33 31 22 25 42 60 60 63 67 68 80 71 60 73 85 81 71 56 52 57 64 69 69 71 80 90 100 106 115 125 128 126 126 140 160 181 194 199 203 201 187 163 154 171 172 158 140 140 147 148 155 155 145 138 135 134 127 121 114 103 92 90 97 107 115 119 124 130
92 85 85 94 102 105 100 93 87 79 67 63 70 75 83 91 94 93 84 67 54 59 70 73 65 53 45 38 37 35 30 25 19 17 17 20 26 37 59 55 51 64 67 55 48 59 70 72 79 86 86 82 92 106 118 131 144 154 155 149 150 161 170 180 187 181 185 186 168 148 132 135 140 131 127 134 139 148 154 151 146 141 135 127 121 117 110 101 95 101 111 115 116 117 122 127
99 95 98 105 104 98 94 89 79 67 65 75 86 92 95 90 85 83 73 57 57 64 72 76 70 57 46 39 37 44 48 41 29 30 32 28 24 24 26 27 31 38 42 39 47 66 84 93 99 105 104 104 104 109 123 140 157 169 168 159 157 160 160 163 162 151 155 150 136 122 113 118 116 113 118 127 137 143 142 139 134 130 126 120 112 108 105 100 95 93 99 105 111 116 123 130
105 104 99 99 93 85 79 74 68 68 75 86 95 95 88 76 66 61 60 61 68 75 77 73 64 55 51 50 55 57 46 36 38 47 52 46 40 44 43 28 19 22 31 42 55 68 80 95 105 108 111 113 120 129 137 142 144 145 139 134 138 134 126 133 128 114 112 111 109 101 103 112 120 130 132 133 137 135 129 123 117 114 114 111 106 102 97 96 98 95 91 95 103 111 118 125
105 99 92 90 84 74 68 68 70 77 87 94 94 88 78 64 57 61 68 71 73 82 83 72 64 66 66 71 70 55 45 55 64 63 64 57 46 46 57 45 25 20 22 31 43 52 60 72 79 85 98 114 128 132 125 115 114 114 110 115 122 113 101 93 88 88 94 101 99 99 111 129 147 157 157 152 148 141 130 122 117 114 112 112 110 104 100 102 101 97 94 95 100 105 112 118
102 96 89 81 74 73 78 81 83 88 90 84 78 71 63 61 65 67 72 80 83 90 87 83 86 85 77 69 56 49 63 77 83 81 72 59 54 57 66 62 47 33 23 23 35 39 42 52 65 85 105 117 113 106 96 93 93 94 91 95 95 84 74 70 78 85 86 87 91 103 115 132 151 160 163 165 160 148 137 131 128 125 120 117 113 110 110 109 104 99 95 93 100 110 114 114
92 92 87 80 79 84 90 95 95 90 82 71 63 65 73 80 86 85 90 97 102 103 98 98 94 85 66 47 43 51 67 79 83 77 70 70 73 70 75 82 75 59 44 30 25 39 54 63 75 91 101 99 90 82 75 73 75 78 72 73 69 61 59 66 79 90 98 105 110 118 128 137 146 153 163 170 170 163 157 155 153 149 141 129 121 123 122 115 109 103 98 98 103 108 112 119
86 85 80 82 90 97 100 101 96 85 72 62 65 83 94 99 102 107 112 112 109 102 97 92 84 67 59 62 60 52 60 77 86 87 90 87 80 76 80 90 91 81 68 50 30 37 55 61 72 79 80 75 73 70 61 56 62 61 58 61 60 60 71 87 100 114 122 127 133 140 149 157 159 156 154 160 172 174 176 175 168 161 153 144 137 134 127 120 113 106 101 103 109 114 119 126
93 87 89 96 101 106 103 94 86 79 71 71 74 84 91 98 107 111 108 100 92 86 79 72 67 62 76 82 76 65 64 83 95 95 96 92 82 74 74 79 79 69 58 45 38 29 40 58 65 66 69 66 69 65 51 48 48 45 47 51 56 76 96 108 107 108 113 119 125 130 138 143 142 134 135 148 160 161 162 161 158 156 152 146 140 136 131 124 114 104 105 111 114 116 118 124
97 92 93 98 103 105 99 91 81 77 85 84 80 86 96 102 108 112 109 101 94 86 78 69 66 68 85 91 90 86 77 77 84 87 92 93 86 76 69 64 59 52 50 52 53 42 30 35 41 51 55 57 62 53 40 36 38 41 50 62 72 78 84 87 86 89 97 101 105 110 114 114 113 118 133 138 137 137 140 147 152 151 145 139 133 129 127 120 113 105 107 109 111 115 119 123
102 102 103 103 100 94 89 83 82 91 94 90 95 95 94 100 108 114 109 99 90 80 71 77 84 75 80 87 97 102 94 83 78 85 90 95 98 95 92 81 70 63 60 55 53 51 42 29 24 26 32 37 40 36 34 43 53 58 65 78 93 99 97 93 91 96 100 103 108 111 111 116 124 126 127 130 136 140 142 149 151 144 136 130 123 118 113 108 107 107 106 108 109 111 115 119
115 115 109 100 93 94 95 88 94 103 103 101 106 105 99 101 110 115 108 95 86 85 85 93 90 85 98 93 97 107 105 92 82 83 91 100 109 110 100 84 73 64 56 47 44 45 45 42 32 25 26 30 37 43 43 50 55 61 67 78 92 100 101 100 107 119 122 119 123 128 128 132 139 141 139 143 151 158 161 165 158 141 127 119 114 109 108 109 111 113 114 112 109 109 111 114
121 117 110 102 100 105 101 93 96 110 114 110 108 109 105 107 116 113 102 96 99 100 96 101 93 94 101 100 103 109 102 97 94 93 99 107 112 105 89 74 64 60 56 48 43 48 58 56 47 31 28 43 58 63 60 53 49 58 67 78 87 87 86 90 100 110 110 112 124 132 134 132 133 134 137 144 155 169 181 191 182 157 138 128 119 113 115 118 122 124 121 116 116 119 121 118
128 121 114 111 113 111 106 101 101 113 121 122 121 123 122 124 131 130 124 120 115 104 102 99 93 96 103 110 118 120 117 113 114 118 124 120 108 99 90 80 75 70 63 57 56 70 82 75 52 33 42 64 74 76 74 67 58 51 57 69 72 69 71 79 89 95 96 102 112 119 118 114 114 122 134 137 146 160 181 200 194 178 176 166 152 148 144 139 137 131 124 122 126 132 134 127
151 147 135 126 128 126 120 121 117 114 117 121 128 135 138 139 145 152 153 143 130 122 116 103 100 108 115 121 127 134 138 136 138 135 131 127 123 120 115 101 87 75 66 60 65 79 81 60 38 43 54 63 72 79 81 79 71 68 72 70 72 69 66 68 76 86 92 92 97 104 106 106 106 112 118 123 133 147 170 190 195 187 172 161 172 186 186 180 170 157 145 148 152 156 159 150
158 154 154 148 145 140 135 136 130 126 128 133 142 148 152 155 160 168 173 166 152 134 115 108 113 123 135 140 143 149 147 138 132 125 119 117 114 113 114 111 102 93 81 77 84 86 60 41 54 66 72 71 69 79 89 95 95 96 103 108 109 99 87 90 95 89 85 86 94 104 110 115 117 119 120 120 124 135 159 177 185 181 176 176 183 196 199 189 176 165 166 171 173 175 174 162
143 138 144 146 145 145 144 142 137 130 129 139 155 167 170 172 169 170 173 159 140 132 134 135 137 138 137 141 149 150 141 129 119 113 109 109 107 104 112 120 121 116 103 100 103 79 43 47 55 63 80 93 86 85 97 104 111 116 118 121 125 119 112 114 110 95 87 88 95 102 109 116 121 126 131 131 127 130 153 184 193 198 199 202 205 204 198 187 174 168 163 162 159 158 156 149
125 120 127 128 130 129 125 121 115 118 129 137 139 142 146 145 141 138 144 144 144 147 141 131 124 120 120 125 131 133 131 127 118 112 108 102 99 99 109 118 119 118 112 111 101 71 43 38 42 44 56 97 100 92 91 98 108 120 127 127 130 135 139 134 117 103 95 96 103 102 102 107 116 126 133 133 133 133 148 179 201 210 217 221 216 203 190 183 179 170 169 168 165 166 160 156
105 103 110 108 110 105 101 102 101 104 110 112 117 123 123 119 120 122 126 130 138 139 132 129 124 116 111 109 110 116 119 121 122 122 116 110 99 91 91 100 108 119 123 121 108 98 84 69 58 45 59 91 107 110 110 107 105 108 115 121 126 132 138 142 139 132 126 121 120 115 111 113 118 124 134 141 142 143 151 169 187 196 208 213 200 187 185 191 193 183 177 175 175 176 172 169
85 82 88 98 100 97 98 97 97 95 95 104 114 117 110 109 112 115 120 127 133 130 126 126 121 116 112 109 105 99 97 96 101 109 114 119 119 110 93 99 109 118 125 123 114 96 71 57 47 49 63 85 101 114 126 128 124 124 126 128 128 130 134 138 135 130 131 135 134 133 129 126 129 135 153 178 182 187 195 204 207 202 206 209 198 189 191 195 194 189 188 192 193 192 192 192
107 100 93 101 107 111 113 115 112 103 101 97 101 102 105 108 112 116 117 122 125 120 115 115 111 105 101 103 107 104 98 90 85 91 95 101 110 111 98 92 105 115 113 104 96 72 54 67 74 76 75 83 100 113 121 127 130 130 124 118 117 124 130 128 121 117 118 125 129 135 142 142 145 153 169 190 189 192 201 202 209 212 216 214 202 197 202 209 210 206 202 198 190 187 191 196
120 112 100 91 98 108 115 121 115 112 114 107 101 97 99 100 104 107 114 121 119 113 107 104 102 96 91 96 102 100 99 94 87 81 77 84 92 88 83 79 90 92 80 71 62 51 77 98 94 89 89 92 98 105 111 113 114 114 110 113 116 123 126 121 113 108 110 115 120 125 132 139 143 151 159 161 163 170 174 185 207 214 218 216 206 202 204 209 212 208 208 209 200 188 182 185
121 108 96 97 108 117 121 126 125 123 122 111 102 98 94 98 106 113 118 120 122 121 112 99 93 89 87 87 91 90 89 88 80 75 72 71 74 72 74 84 88 92 98 92 65 59 82 83 70 67 75 75 76 87 88 89 88 91 102 109 109 107 100 101 110 120 124 124 125 125 127 131 133 136 141 144 149 154 164 182 202 216 217 207 193 190 198 203 202 199 193 194 194 189 178 170
111 103 99 102 108 113 123 133 137 132 120 110 107 103 99 105 108 111 117 122 127 126 114 105 100 97 94 85 78 76 74 73 70 70 71 74 76 81 90 95 93 87 82 67 46 51 56 56 69 93 93 85 78 77 81 89 99 102 91 86 97 104 101 110 117 118 116 118 121 123 128 132 136 141 144 147 154 161 172 188 211 227 224 212 199 191 191 197 189 182 181 174 173 166 155 155
109 104 103 101 109 118 127 132 134 128 118 117 115 108 103 102 107 115 121 123 124 123 111 102 98 94 88 81 85 90 88 86 83 86 89 92 90 89 91 92 89 82 70 49 39 50 60 68 76 88 94 99 103 107 109 112 119 126 123 110 122 127 109 103 110 114 118 121 126 131 136 140 144 146 150 156 162 173 190 210 228 235 229 224 222 214 197 178 176 178 168 158 154 149 152 169
113 114 110 106 108 114 120 125 130 126 123 119 113 107 102 99 103 112 114 114 119 122 113 108 108 102 93 86 86 93 97 97 95 93 90 88 82 78 79 81 80 76 66 49 39 47 56 60 66 76 87 91 95 103 117 128 127 130 137 134 142 137 118 109 120 126 129 131 134 136 138 140 141 144 150 157 167 177 190 207 225 233 238 233 223 209 187 171 179 183 164 144 149 165 177 184
126 126 119 113 111 116 124 131 134 129 122 116 114 109 105 105 106 104 105 113 122 126 122 113 104 98 91 87 87 91 99 103 99 90 82 77 71 68 65 63 58 54 47 40 36 41 52 61 68 75 83 90 94 101 114 130 136 143 154 158 154 139 125 117 115 132 139 140 136 130 131 135 141 146 150 155 163 174 191 209 219 218 218 202 183 174 161 158 178 187 171 152 174 187 185 178
126 125 125 122 123 125 130 131 133 132 126 122 119 116 115 115 110 105 108 117 123 122 116 106 99 100 99 99 103 102 101 99 92 88 84 79 73 67 61 53 51 52 57 64 59 48 54 64 70 77 84 92 99 105 119 142 152 158 165 161 153 154 152 141 127 125 128 130 129 132 138 146 155 165 171 173 176 187 193 193 206 214 203 191 185 180 169 157 159 164 155 150 170 179 171 167
122 126 128 125 125 123 121 123 127 130 132 130 124 121 117 114 109 105 109 115 120 116 109 105 110 115 113 112 112 104 96 94 87 80 79 77 72 65 60 62 67 76 87 90 80 61 49 58 66 72 79 88 98 112 130 154 160 155 158 164 168 165 156 147 138 132 130 133 139 146 151 158 174 197 216 217 198 184 178 175 190 207 209 199 193 189 183 180 170 150 147 164 171 168 161 167
118 119 116 113 113 111 112 118 122 130 133 126 119 115 111 109 107 108 113 119 121 116 111 113 118 121 118 109 99 92 86 82 78 76 76 72 69 69 73 77 77 85 90 79 64 54 48 63 78 85 94 102 112 122 131 133 130 134 147 157 156 149 145 146 151 154 156 158 161 172 181 186 206 237 244 222 191 170 159 165 177 186 188 187 180 173 171 171 167 153 138 147 153 156 167 174
108 106 101 103 104 106 112 118 124 132 129 121 118 119 115 111 108 111 117 122 126 124 125 128 125 118 112 105 102 98 91 87 85 86 82 77 73 76 81 85 86 91 87 80 69 51 49 71 83 88 93 102 112 112 107 111 116 123 131 133 132 134 142 155 172 186 199 207 217 225 223 219 220 232 230 218 198 180 163 153 160 161 164 166 167 165 162 158 160 152 135 126 133 153 166 170
92 93 97 104 108 109 114 123 130 132 127 122 122 118 114 113 117 124 133 139 141 142 143 136 130 126 124 120 119 112 105 100 100 99 94 91 89 91 94 96 100 102 101 93 78 54 54 71 71 75 84 93 98 90 90 93 98 111 113 119 128 142 163 189 202 205 209 209 202 194 208 230 239 238 229 215 190 168 152 141 137 136 142 151 155 156 152 149 155 159 154 147 135 136 142 145
95 99 101 105 111 116 122 131 134 129 126 126 122 118 124 138 151 157 160 163 163 165 167 164 158 152 159 165 168 166 157 146 138 132 127 119 114 112 109 105 103 100 94 86 76 66 51 52 56 60 59 66 76 89 107 118 115 114 123 137 158 180 194 194 177 159 164 169 171 198 229 234 225 227 233 212 178 159 156 154 142 125 127 142 153 156 148 146 153 156 160 166 154 131 148 161
100 107 111 110 115 124 132 137 133 129 132 138 141 142 142 150 151 148 152 154 160 169 173 177 181 182 191 191 177 164 158 147 133 121 114 108 102 94 89 83 80 74 67 64 62 60 59 67 83 81 58 59 86 121 155 171 169 168 172 172 170 161 142 131 124 128 148 170 188 203 208 194 181 198 200 183 163 142 141 145 145 145 127 132 155 159 146 143 157 164 167 163 151 131 146 160
104 114 120 124 131 136 139 141 143 150 157 162 164 159 146 146 147 147 154 152 153 159 162 167 176 178 176 166 151 142 140 140 142 144 152 148 129 111 110 100 93 83 77 78 84 89 97 112 117 106 79 58 85 131 146 158 163 159 150 136 122 114 100 105 126 151 160 159 157 155 159 158 147 155 153 154 152 142 126 120 130 139 120 111 116 125 122 129 143 151 145 132 119 123 127 124
114 124 136 145 154 156 156 159 160 156 157 164 169 162 151 151 156 160 162 159 158 159 162 166 171 168 166 171 178 187 200 206 207 204 183 156 146 147 149 136 121 109 115 126 135 145 151 146 131 104 80 66 57 75 93 109 123 133 132 131 128 122 99 115 139 147 139 131 130 128 138 137 123 118 129 133 129 133 135 118 100 104 101 92 89 84 90 93 98 102 106 122 138 159 166 153
130 137 143 147 148 149 155 158 154 149 152 160 167 166 160 156 159 167 170 166 166 168 173 178 184 195 209 219 235 251 256 243 216 195 178 173 168 161 152 141 126 118 126 140 136 140 134 116 101 91 91 83 62 82 98 103 110 113 114 120 111 93 84 85 110 117 93 86 100 127 131 123 110 117 123 125 117 111 102 96 140 159 149 141 108 90 105 134 159 165 171 169 166 164 165 154
132 131 135 141 145 148 146 146 146 148 155 163 166 169 170 170 174 179 179 175 178 187 198 209 219 230 217 203 207 213 211 208 199 185 171 163 157 147 143 139 128 115 104 99 93 92 92 99 102 101 95 71 61 72 64 59 64 69 76 80 76 97 115 87 74 84 103 110 86 98 83 75 78 86 88 93 88 85 85 101 134 142 130 120 102 92 107 137 163 172 174 175 167 155 150 154
152 151 151 151 150 142 131 131 141 147 150 153 158 168 175 177 182 186 189 193 205 222 242 241 211 190 177 175 178 178 187 204 203 193 191 177 161 152 160 162 153 143 127 119 112 97 82 76 75 73 70 63 60 52 56 73 88 98 90 89 104 129 141 129 119 133 140 122 83 71 81 98 92 97 109 109 126 140 142 132 136 133 126 117 105 95 108 124 132 135 142 147 140 136 144 154
143 144 144 138 127 118 116 129 136 137 140 142 148 156 164 173 186 198 204 214 240 259 251 227 193 168 160 161 158 164 179 204 210 211 207 189 166 162 186 190 186 174 159 159 139 111 96 86 79 75 78 92 98 79 62 73 88 103 118 130 131 125 134 151 159 151 137 130 134 142 150 150 129 132 143 144 156 168 167 156 141 128 121 114 105 91 85 101 118 127 133 132 128 136 141 143
109 114 117 110 106 111 119 125 130 136 142 147 155 168 183 190 199 200 189 209 229 233 219 191 166 154 146 147 157 174 195 217 225 226 217 197 188 184 187 202 205 200 199 184 146 118 105 101 104 103 107 110 100 89 68 60 79 105 128 149 161 160 161 170 177 174 162 160 169 179 172 151 123 112 124 138 152 162 170 161 143 133 128 121 112 101 87 86 99 109 116 122 125 126 130 134
105 111 115 119 125 135 144 143 140 138 136 136 138 147 154 162 167 161 154 153 151 149 149 144 138 138 143 154 174 200 216 226 238 238 226 217 212 203 199 206 220 234 224 173 137 120 111 108 105 102 104 104 104 102 95 79 81 119 150 157 152 138 130 128 125 123 129 135 139 148 142 126 116 120 133 152 170 178 179 164 142 128 120 113 107 106 100 86 91 104 115 118 114 119 118 110
106 109 111 112 115 118 122 119 120 119 119 118 117 120 124 130 125 118 118 119 122 125 130 136 145 155 160 167 180 195 207 218 228 233 238 241 235 231 235 239 244 244 206 162 142 130 118 111 105 103 122 140 140 138 134 107 78 87 97 94 89 87 90 94 100 109 117 127 140 146 138 125 116 121 138 159 175 181 187 175 149 130 116 112 114 117 107 86 87 102 105 99 99 101 97 99
86 88 94 100 102 103 106 112 115 110 103 100 102 104 109 109 110 114 120 127 134 137 142 158 176 191 197 202 209 216 222 221 218 222 235 251 263 262 252 233 208 188 168 148 132 121 114 111 108 110 121 126 115 104 94 81 67 66 72 77 81 86 96 107 115 125 133 140 142 139 136 127 121 123 139 157 164 164 172 168 150 135 128 125 117 114 111 94 84 90 90 93 98 98 104 112
87 89 92 96 101 106 109 110 104 97 95 100 107 106 109 114 123 134 142 149 159 162 167 183 195 199 202 205 206 208 210 207 213 229 246 259 250 221 200 184 167 152 147 140 130 123 119 118 117 113 108 109 104 90 78 66 65 76 88 94 99 105 113 116 119 122 124 127 129 135 134 127 126 129 137 147 150 153 158 154 138 131 128 116 104 101 98 87 85 92 101 108 112 106 109 117
99 103 106 109 109 105 99 95 93 100 113 125 126 120 130 137 146 151 154 162 174 179 179 179 179 181 180 185 193 197 197 204 221 238 250 237 196 172 166 166 157 141 130 125 125 116 106 103 100 95 89 89 91 82 69 65 70 82 87 90 97 101 101 100 103 109 114 121 130 138 136 132 132 135 136 141 146 150 147 135 123 116 109 102 96 89 85 89 98 105 110 113 115 115 112 118
107 120 120 116 110 98 96 111 126 135 139 142 139 131 130 135 144 151 157 158 160 165 167 165 167 168 171 177 184 187 193 204 216 226 219 186 160 154 149 150 144 135 129 118 115 115 113 111 106 95 85 77 72 68 68 74 80 78 74 74 81 85 89 93 101 108 119 131 139 145 147 145 142 142 146 151 152 153 148 134 122 118 115 111 103 95 88 92 100 102 106 111 114 118 121 120
89 95 93 91 92 93 101 114 118 117 122 130 136 141 145 149 155 159 162 166 170 174 177 180 183 185 184 186 195 206 214 221 221 201 179 163 152 142 132 125 121 117 111 101 104 107 98 95 93 81 73 74 75 72 73 78 84 91 90 84 78 80 92 102 110 119 127 134 140 144 145 140 137 146 156 158 152 148 147 141 132 124 116 109 103 98 95 87 94 103 112 120 126 131 134 130
95 113 120 119 122 118 115 119 121 122 128 131 133 137 141 144 148 149 152 156 158 161 166 172 182 195 205 212 223 236 245 244 222 194 175 162 153 147 139 134 131 127 115 99 90 87 83 82 83 84 84 83 78 73 74 77 82 91 100 102 95 86 96 108 112 116 120 121 122 127 128 129 139 147 150 149 143 140 142 137 125 117 113 108 108 109 102 90 98 111 121 129 132 133 133 136
99 115 130 141 147 142 140 141 138 136 137 137 139 140 144 150 159 162 161 166 171 169 175 181 192 207 222 235 245 240 228 218 200 182 170 164 153 141 133 125 121 115 105 97 97 97 93 89 98 99 93 85 81 79 79 85 91 96 105 113 112 99 93 93 93 98 101 105 107 111 117 127 136 138 138 138 135 136 141 136 126 123 122 119 121 119 109 95 103 113 115 114 118 120 122 125
114 106 124 146 151 141 133 130 131 133 137 145 154 161 168 176 183 181 178 188 197 195 197 203 209 220 226 223 220 206 184 174 162 149 141 140 133 121 116 108 102 105 111 110 107 101 97 106 120 112 98 91 90 91 92 101 108 110 115 121 119 110 98 90 92 98 102 105 105 105 113 123 128 128 131 132 129 131 133 134 132 131 127 121 117 111 101 89 91 98 100 103 109 118 125 125
