data/test/data/MeshRefinementTests/gebco.asc
ncols         312
nrows         240
xllcenter       -1.24791667
yllcenter       48.85208333
cellsize         0.00416666667
NODATA_value   32767.00
[rows 0 to 34 of 240, columns 0 to 77 of 312]
-63.00 -65.00 -64.00 -64.00 -63.00 -63.00 -60.00 -58.00 -61.00 -60.00 -60.00 -60.00 -61.00 -60.00 -61.00 -60.00 -59.00 -58.00 -57.00 -57.00 -57.00 -57.00 -56.00 -57.00 -55.00 -54.00 -54.00 -58.00 -57.00 -57.00 -58.00 -56.00 -57.00 -57.00 -55.00 -54.00 -52.00 -51.00 -50.00 -50.00 -50.00 -50.00 -50.00 -50.00 -50.00 -49.00 -48.00 -49.00 -49.00 -48.00 -48.00 -49.00 -48.00 -48.00 -48.00 -48.00 -49.00 -49.00 -49.00 -49.00 -49.00 -48.00 -48.00 -48.00 -47.00 -47.00 -47.00 -48.00 -48.00 -47.00 -47.00 -47.00 -47.00 -47.00 -47.00 -47.00 -47.00 -46.00
-55.00 -55.00 -56.00 -56.00 -56.00 -61.00 -60.00 -58.00 -61.00 -60.00 -62.00 -62.00 -61.00 -61.00 -61.00 -60.00 -59.00 -56.00 -58.00 -57.00 -57.00 -57.00 -58.00 -58.00 -56.00 -57.00 -55.00 -57.00 -57.00 -57.00 -57.00 -57.00 -57.00 -57.00 -57.00 -56.00 -56.00 -54.00 -52.00 -51.00 -49.00 -49.00 -49.00 -49.00 -48.00 -49.00 -48.00 -48.00 -48.00 -48.00 -49.00 -49.00 -48.00 -48.00 -48.00 -48.00 -48.00 -48.00 -48.00 -48.00 -48.00 -48.00 -48.00 -47.00 -47.00 -48.00 -47.00 -48.00 -48.00 -48.00 -47.00 -47.00 -47.00 -47.00 -46.00 -47.00 -47.00 -47.00
-54.00 -54.00 -54.00 -54.00 -53.00 -53.00 -53.00 -56.00 -59.00 -62.00 -61.00 -62.00 -61.00 -61.00 -62.00 -60.00 -59.00 -50.00 -57.00 -57.00 -57.00 -57.00 -57.00 -57.00 -56.00 -56.00 -53.00 -55.00 -57.00 -57.00 -56.00 -56.00 -56.00 -57.00 -57.00 -57.00 -57.00 -56.00 -55.00 -54.00 -53.00 -51.00 -49.00 -48.00 -48.00 -49.00 -49.00 -49.00 -48.00 -48.00 -50.00 -49.00 -49.00 -49.00 -48.00 -48.00 -48.00 -48.00 -48.00 -48.00 -48.00 -47.00 -47.00 -48.00 -48.00 -47.00 -47.00 -47.00 -49.00 -48.00 -48.00 -47.00 -47.00 -47.00 -46.00 -47.00 -47.00 -47.00
-53.00 -54.00 -53.00 -53.00 -53.00 -53.00 -53.00 -53.00 -52.00 -52.00 -53.00 -61.00 -60.00 -59.00 -59.00 -61.00 -59.00 -54.00 -59.00 -57.00 -57.00 -57.00 -57.00 -56.00 -56.00 -56.00 -56.00 -56.00 -56.00 -56.00 -56.00 -56.00 -58.00 -57.00 -58.00 -57.00 -57.00 -58.00 -58.00 -56.00 -54.00 -53.00 -53.00 -51.00 -49.00 -48.00 -49.00 -47.00 -49.00 -49.00 -49.00 -48.00 -48.00 -48.00 -48.00 -48.00 -48.00 -48.00 -48.00 -48.00 -48.00 -47.00 -48.00 -48.00 -48.00 -48.00 -47.00 -47.00 -47.00 -47.00 -47.00 -47.00 -47.00 -48.00 -47.00 -46.00 -47.00 -46.00
-54.00 -54.00 -53.00 -53.00 -54.00 -53.00 -52.00 -53.00 -52.00 -52.00 -52.00 -52.00 -52.00 -55.00 -59.00 -61.00 -61.00 -58.00 -58.00 -58.00 -58.00 -57.00 -57.00 -57.00 -56.00 -56.00 -56.00 -56.00 -56.00 -56.00 -56.00 -58.00 -58.00 -58.00 -58.00 -58.00 -57.00 -58.00 -58.00 -57.00 -57.00 -55.00 -53.00 -50.00 -50.00 -48.00 -48.00 -48.00 -48.00 -48.00 -48.00 -48.00 -48.00 -48.00 -48.00 -47.00 -47.00 -48.00 -48.00 -47.00 -48.00 -48.00 -49.00 -47.00 -47.00 -48.00 -48.00 -48.00 -47.00 -47.00 -48.00 -47.00 -48.00 -47.00 -47.00 -47.00 -46.00 -46.00
-53.00 -53.00 -53.00 -52.00 -53.00 -52.00 -52.00 -52.00 -53.00 -52.00 -52.00 -52.00 -52.00 -53.00 -58.00 -59.00 -58.00 -60.00 -60.00 -59.00 -59.00 -58.00 -58.00 -57.00 -55.00 -55.00 -56.00 -56.00 -56.00 -56.00 -57.00 -57.00 -56.00 -56.00 -57.00 -57.00 -58.00 -57.00 -57.00 -56.00 -57.00 -58.00 -58.00 -54.00 -49.00 -49.00 -48.00 -49.00 -49.00 -49.00 -49.00 -49.00 -49.00 -49.00 -48.00 -48.00 -48.00 -48.00 -49.00 -48.00 -48.00 -48.00 -48.00 -47.00 -47.00 -47.00 -48.00 -47.00 -46.00 -47.00 -47.00 -47.00 -47.00 -47.00 -46.00 -46.00 -46.00 -46.00
-54.00 -53.00 -53.00 -53.00 -52.00 -52.00 -53.00 -52.00 -52.00 -52.00 -52.00 -52.00 -53.00 -54.00 -57.00 -59.00 -58.00 -60.00 -61.00 -61.00 -61.00 -59.00 -59.00 -58.00 -56.00 -55.00 -57.00 -56.00 -55.00 -55.00 -55.00 -55.00 -56.00 -55.00 -54.00 -53.00 -53.00 -55.00 -58.00 -56.00 -56.00 -58.00 -60.00 -60.00 -60.00 -54.00 -51.00 -50.00 -49.00 -50.00 -51.00 -50.00 -50.00 -50.00 -49.00 -49.00 -50.00 -48.00 -48.00 -48.00 -47.00 -48.00 -48.00 -49.00 -48.00 -48.00 -48.00 -47.00 -47.00 -47.00 -47.00 -47.00 -47.00 -47.00 -47.00 -47.00 -47.00 -46.00
-54.00 -57.00 -53.00 -52.00 -52.00 -52.00 -52.00 -51.00 -52.00 -52.00 -52.00 -52.00 -52.00 -52.00 -55.00 -58.00 -58.00 -59.00 -60.00 -61.00 -60.00 -60.00 -61.00 -60.00 -59.00 -58.00 -57.00 -56.00 -55.00 -55.00 -55.00 -55.00 -55.00 -55.00 -54.00 -54.00 -53.00 -55.00 -56.00 -56.00 -56.00 -56.00 -58.00 -61.00 -61.00 -63.00 -63.00 -63.00 -63.00 -60.00 -52.00 -52.00 -53.00 -54.00 -53.00 -52.00 -52.00 -51.00 -50.00 -50.00 -49.00 -48.00 -49.00 -48.00 -48.00 -48.00 -48.00 -47.00 -47.00 -48.00 -48.00 -47.00 -46.00 -47.00 -47.00 -47.00 -47.00 -46.00
-54.00 -56.00 -54.00 -53.00 -53.00 -53.00 -53.00 -52.00 -52.00 -51.00 -52.00 -52.00 -52.00 -53.00 -53.00 -57.00 -59.00 -59.00 -59.00 -60.00 -61.00 -59.00 -60.00 -61.00 -60.00 -59.00 -58.00 -57.00 -57.00 -56.00 -56.00 -56.00 -56.00 -56.00 -56.00 -55.00 -55.00 -55.00 -55.00 -56.00 -56.00 -57.00 -57.00 -57.00 -57.00 -59.00 -61.00 -61.00 -63.00 -63.00 -63.00 -63.00 -60.00 -61.00 -58.00 -55.00 -55.00 -52.00 -52.00 -51.00 -50.00 -50.00 -49.00 -49.00 -48.00 -49.00 -48.00 -49.00 -51.00 -47.00 -47.00 -46.00 -46.00 -46.00 -47.00 -47.00 -47.00 -46.00
-57.00 -57.00 -56.00 -55.00 -55.00 -54.00 -54.00 -54.00 -55.00 -53.00 -53.00 -53.00 -53.00 -53.00 -52.00 -54.00 -54.00 -54.00 -56.00 -59.00 -58.00 -60.00 -60.00 -59.00 -59.00 -60.00 -59.00 -59.00 -59.00 -58.00 -57.00 -56.00 -56.00 -56.00 -55.00 -54.00 -55.00 -57.00 -56.00 -56.00 -55.00 -54.00 -57.00 -57.00 -56.00 -57.00 -57.00 -56.00 -57.00 -59.00 -59.00 -59.00 -59.00 -59.00 -59.00 -59.00 -58.00 -58.00 -56.00 -55.00 -53.00 -52.00 -51.00 -51.00 -50.00 -50.00 -52.00 -50.00 -48.00 -48.00 -48.00 -47.00 -47.00 -47.00 -47.00 -47.00 -47.00 -47.00
-59.00 -59.00 -59.00 -58.00 -57.00 -56.00 -56.00 -56.00 -56.00 -56.00 -54.00 -55.00 -54.00 -54.00 -54.00 -54.00 -54.00 -54.00 -58.00 -54.00 -53.00 -52.00 -53.00 -54.00 -57.00 -56.00 -58.00 -58.00 -58.00 -56.00 -55.00 -54.00 -53.00 -52.00 -52.00 -52.00 -56.00 -56.00 -54.00 -53.00 -53.00 -51.00 -55.00 -55.00 -55.00 -55.00 -54.00 -57.00 -58.00 -57.00 -58.00 -56.00 -57.00 -56.00 -56.00 -55.00 -55.00 -56.00 -57.00 -56.00 -56.00 -54.00 -54.00 -52.00 -52.00 -55.00 -56.00 -53.00 -49.00 -49.00 -49.00 -48.00 -48.00 -47.00 -47.00 -47.00 -47.00 -47.00
-60.00 -60.00 -59.00 -59.00 -58.00 -58.00 -58.00 -58.00 -58.00 -57.00 -56.00 -56.00 -55.00 -54.00 -53.00 -52.00 -53.00 -53.00 -54.00 -54.00 -53.00 -52.00 -52.00 -53.00 -53.00 -55.00 -53.00 -51.00 -51.00 -51.00 -51.00 -50.00 -50.00 -50.00 -50.00 -51.00 -50.00 -51.00 -51.00 -49.00 -49.00 -50.00 -50.00 -51.00 -51.00 -52.00 -54.00 -55.00 -56.00 -57.00 -57.00 -56.00 -56.00 -56.00 -55.00 -55.00 -54.00 -54.00 -52.00 -52.00 -53.00 -53.00 -54.00 -53.00 -52.00 -52.00 -53.00 -52.00 -51.00 -50.00 -51.00 -50.00 -50.00 -48.00 -48.00 -49.00 -50.00 -50.00
-56.00 -58.00 -58.00 -59.00 -58.00 -57.00 -56.00 -56.00 -55.00 -55.00 -55.00 -54.00 -53.00 -53.00 -53.00 -52.00 -52.00 -52.00 -52.00 -52.00 -51.00 -51.00 -50.00 -50.00 -50.00 -51.00 -54.00 -57.00 -52.00 -49.00 -50.00 -49.00 -49.00 -48.00 -48.00 -50.00 -49.00 -49.00 -49.00 -50.00 -50.00 -50.00 -49.00 -49.00 -51.00 -50.00 -51.00 -53.00 -54.00 -55.00 -56.00 -56.00 -57.00 -56.00 -55.00 -55.00 -54.00 -55.00 -55.00 -54.00 -53.00 -53.00 -52.00 -51.00 -52.00 -52.00 -51.00 -50.00 -51.00 -53.00 -53.00 -54.00 -52.00 -52.00 -50.00 -51.00 -51.00 -51.00
-52.00 -52.00 -52.00 -54.00 -53.00 -54.00 -54.00 -52.00 -53.00 -53.00 -52.00 -53.00 -52.00 -51.00 -51.00 -50.00 -50.00 -50.00 -50.00 -49.00 -50.00 -49.00 -49.00 -50.00 -50.00 -49.00 -49.00 -50.00 -56.00 -51.00 -49.00 -48.00 -49.00 -49.00 -49.00 -49.00 -50.00 -49.00 -49.00 -49.00 -49.00 -50.00 -49.00 -49.00 -50.00 -50.00 -51.00 -53.00 -51.00 -53.00 -53.00 -53.00 -54.00 -55.00 -56.00 -56.00 -56.00 -55.00 -54.00 -54.00 -53.00 -54.00 -53.00 -53.00 -53.00 -54.00 -51.00 -51.00 -52.00 -52.00 -52.00 -52.00 -52.00 -51.00 -51.00 -51.00 -50.00 -51.00
-52.00 -54.00 -53.00 -53.00 -54.00 -53.00 -53.00 -52.00 -53.00 -51.00 -51.00 -51.00 -51.00 -51.00 -50.00 -49.00 -49.00 -49.00 -49.00 -49.00 -48.00 -50.00 -48.00 -49.00 -48.00 -49.00 -49.00 -49.00 -49.00 -49.00 -56.00 -53.00 -51.00 -52.00 -54.00 -53.00 -53.00 -55.00 -54.00 -52.00 -51.00 -54.00 -51.00 -51.00 -49.00 -53.00 -53.00 -53.00 -52.00 -51.00 -54.00 -54.00 -53.00 -52.00 -52.00 -52.00 -53.00 -54.00 -54.00 -54.00 -53.00 -53.00 -53.00 -53.00 -53.00 -53.00 -53.00 -54.00 -55.00 -52.00 -53.00 -53.00 -52.00 -53.00 -52.00 -52.00 -52.00 -52.00
-52.00 -53.00 -52.00 -52.00 -52.00 -51.00 -52.00 -51.00 -51.00 -50.00 -50.00 -50.00 -51.00 -50.00 -52.00 -50.00 -49.00 -50.00 -49.00 -49.00 -49.00 -49.00 -48.00 -48.00 -48.00 -48.00 -48.00 -48.00 -48.00 -48.00 -48.00 -48.00 -49.00 -49.00 -49.00 -49.00 -48.00 -48.00 -49.00 -50.00 -49.00 -50.00 -51.00 -51.00 -51.00 -53.00 -54.00 -53.00 -50.00 -49.00 -49.00 -49.00 -52.00 -52.00 -52.00 -51.00 -52.00 -53.00 -52.00 -53.00 -54.00 -53.00 -53.00 -53.00 -54.00 -53.00 -53.00 -55.00 -54.00 -51.00 -51.00 -49.00 -49.00 -50.00 -49.00 -49.00 -49.00 -51.00
-52.00 -52.00 -52.00 -51.00 -51.00 -50.00 -50.00 -50.00 -51.00 -51.00 -51.00 -50.00 -49.00 -50.00 -50.00 -50.00 -51.00 -50.00 -52.00 -51.00 -53.00 -50.00 -49.00 -49.00 -49.00 -48.00 -49.00 -48.00 -48.00 -48.00 -48.00 -48.00 -48.00 -48.00 -48.00 -48.00 -49.00 -48.00 -48.00 -49.00 -48.00 -49.00 -50.00 -49.00 -52.00 -52.00 -52.00 -49.00 -48.00 -48.00 -48.00 -49.00 -49.00 -49.00 -51.00 -51.00 -51.00 -52.00 -52.00 -52.00 -53.00 -52.00 -52.00 -53.00 -52.00 -52.00 -53.00 -52.00 -51.00 -50.00 -49.00 -50.00 -49.00 -49.00 -49.00 -49.00 -49.00 -50.00
-53.00 -53.00 -52.00 -52.00 -51.00 -53.00 -52.00 -51.00 -50.00 -50.00 -50.00 -51.00 -51.00 -51.00 -51.00 -50.00 -50.00 -50.00 -50.00 -49.00 -50.00 -51.00 -49.00 -48.00 -49.00 -48.00 -48.00 -48.00 -48.00 -48.00 -48.00 -48.00 -48.00 -48.00 -48.00 -48.00 -48.00 -48.00 -49.00 -48.00 -48.00 -48.00 -48.00 -47.00 -49.00 -51.00 -52.00 -52.00 -49.00 -48.00 -47.00 -48.00 -48.00 -48.00 -48.00 -48.00 -48.00 -50.00 -52.00 -51.00 -52.00 -54.00 -53.00 -53.00 -52.00 -53.00 -54.00 -52.00 -51.00 -51.00 -50.00 -50.00 -51.00 -50.00 -50.00 -49.00 -49.00 -50.00
-54.00 -53.00 -51.00 -53.00 -52.00 -52.00 -53.00 -52.00 -52.00 -52.00 -50.00 -51.00 -52.00 -51.00 -50.00 -53.00 -51.00 -51.00 -50.00 -50.00 -49.00 -50.00 -52.00 -51.00 -50.00 -47.00 -49.00 -48.00 -48.00 -48.00 -48.00 -48.00 -48.00 -48.00 -48.00 -48.00 -47.00 -48.00 -47.00 -47.00 -47.00 -48.00 -46.00 -48.00 -49.00 -51.00 -51.00 -49.00 -47.00 -47.00 -47.00 -47.00 -47.00 -47.00 -46.00 -46.00 -47.00 -47.00 -48.00 -48.00 -50.00 -52.00 -53.00 -54.00 -55.00 -52.00 -53.00 -53.00 -52.00 -53.00 -51.00 -50.00 -51.00 -49.00 -48.00 -49.00 -49.00 -49.00
-58.00 -54.00 -55.00 -55.00 -53.00 -56.00 -54.00 -51.00 -52.00 -52.00 -52.00 -52.00 -52.00 -53.00 -52.00 -53.00 -51.00 -51.00 -52.00 -52.00 -51.00 -50.00 -50.00 -49.00 -49.00 -50.00 -49.00 -48.00 -48.00 -48.00 -48.00 -47.00 -48.00 -48.00 -48.00 -48.00 -47.00 -47.00 -47.00 -47.00 -46.00 -47.00 -47.00 -47.00 -48.00 -48.00 -49.00 -47.00 -47.00 -47.00 -48.00 -47.00 -47.00 -47.00 -47.00 -46.00 -46.00 -47.00 -46.00 -46.00 -47.00 -48.00 -53.00 -53.00 -54.00 -53.00 -52.00 -53.00 -52.00 -53.00 -51.00 -50.00 -51.00 -50.00 -49.00 -49.00 -49.00 -49.00
-55.00 -55.00 -57.00 -55.00 -54.00 -54.00 -52.00 -52.00 -52.00 -51.00 -51.00 -51.00 -51.00 -50.00 -50.00 -51.00 -52.00 -52.00 -53.00 -53.00 -53.00 -52.00 -50.00 -49.00 -48.00 -48.00 -48.00 -48.00 -48.00 -48.00 -48.00 -48.00 -48.00 -47.00 -47.00 -48.00 -47.00 -47.00 -47.00 -47.00 -47.00 -47.00 -47.00 -47.00 -47.00 -48.00 -48.00 -46.00 -46.00 -46.00 -47.00 -46.00 -46.00 -46.00 -46.00 -46.00 -46.00 -46.00 -47.00 -46.00 -47.00 -47.00 -47.00 -51.00 -52.00 -53.00 -52.00 -53.00 -53.00 -51.00 -53.00 -51.00 -49.00 -47.00 -48.00 -49.00 -47.00 -48.00
-52.00 -53.00 -54.00 -54.00 -56.00 -59.00 -57.00 -58.00 -52.00 -52.00 -51.00 -49.00 -52.00 -51.00 -52.00 -49.00 -49.00 -49.00 -50.00 -49.00 -50.00 -48.00 -48.00 -48.00 -48.00 -49.00 -48.00 -48.00 -47.00 -48.00 -47.00 -47.00 -47.00 -47.00 -47.00 -46.00 -47.00 -47.00 -46.00 -47.00 -46.00 -48.00 -46.00 -47.00 -47.00 -48.00 -48.00 -46.00 -45.00 -45.00 -46.00 -45.00 -45.00 -45.00 -46.00 -46.00 -46.00 -45.00 -45.00 -46.00 -47.00 -46.00 -46.00 -46.00 -49.00 -50.00 -52.00 -52.00 -52.00 -53.00 -50.00 -50.00 -51.00 -49.00 -49.00 -48.00 -48.00 -48.00
-53.00 -51.00 -55.00 -49.00 -55.00 -56.00 -53.00 -55.00 -58.00 -55.00 -54.00 -53.00 -50.00 -49.00 -50.00 -49.00 -49.00 -50.00 -49.00 -50.00 -50.00 -50.00 -50.00 -49.00 -50.00 -51.00 -49.00 -49.00 -48.00 -48.00 -47.00 -47.00 -47.00 -47.00 -46.00 -46.00 -46.00 -46.00 -46.00 -46.00 -46.00 -45.00 -46.00 -46.00 -45.00 -46.00 -45.00 -46.00 -46.00 -45.00 -45.00 -45.00 -45.00 -45.00 -45.00 -45.00 -45.00 -45.00 -45.00 -45.00 -46.00 -45.00 -45.00 -45.00 -45.00 -47.00 -48.00 -51.00 -51.00 -52.00 -52.00 -51.00 -51.00 -50.00 -49.00 -48.00 -48.00 -48.00
-51.00 -48.00 -48.00 -47.00 -49.00 -48.00 -47.00 -49.00 -54.00 -56.00 -53.00 -50.00 -49.00 -49.00 -50.00 -51.00 -51.00 -52.00 -51.00 -51.00 -50.00 -51.00 -50.00 -49.00 -49.00 -50.00 -48.00 -50.00 -48.00 -48.00 -48.00 -48.00 -46.00 -46.00 -46.00 -45.00 -45.00 -46.00 -45.00 -45.00 -45.00 -45.00 -44.00 -44.00 -44.00 -44.00 -45.00 -46.00 -46.00 -45.00 -44.00 -44.00 -44.00 -44.00 -44.00 -44.00 -44.00 -45.00 -45.00 -45.00 -46.00 -45.00 -45.00 -45.00 -46.00 -45.00 -45.00 -46.00 -48.00 -51.00 -51.00 -52.00 -54.00 -50.00 -49.00 -48.00 -48.00 -47.00
-46.00 -46.00 -46.00 -46.00 -48.00 -45.00 -47.00 -47.00 -52.00 -52.00 -50.00 -52.00 -52.00 -53.00 -53.00 -52.00 -52.00 -48.00 -47.00 -47.00 -48.00 -49.00 -47.00 -48.00 -47.00 -48.00 -48.00 -49.00 -47.00 -47.00 -48.00 -47.00 -46.00 -46.00 -46.00 -46.00 -45.00 -46.00 -45.00 -45.00 -45.00 -46.00 -46.00 -45.00 -45.00 -45.00 -45.00 -45.00 -46.00 -44.00 -44.00 -43.00 -44.00 -43.00 -43.00 -43.00 -43.00 -43.00 -43.00 -43.00 -43.00 -43.00 -44.00 -44.00 -44.00 -44.00 -44.00 -44.00 -45.00 -46.00 -48.00 -51.00 -52.00 -54.00 -54.00 -52.00 -48.00 -48.00
-45.00 -45.00 -44.00 -43.00 -45.00 -44.00 -45.00 -46.00 -49.00 -46.00 -48.00 -51.00 -51.00 -52.00 -49.00 -51.00 -51.00 -51.00 -53.00 -50.00 -50.00 -48.00 -48.00 -48.00 -46.00 -47.00 -46.00 -46.00 -46.00 -47.00 -46.00 -47.00 -45.00 -46.00 -46.00 -46.00 -45.00 -45.00 -46.00 -44.00 -44.00 -44.00 -44.00 -44.00 -44.00 -45.00 -45.00 -46.00 -46.00 -45.00 -44.00 -44.00 -44.00 -44.00 -44.00 -43.00 -43.00 -43.00 -43.00 -43.00 -44.00 -44.00 -43.00 -45.00 -44.00 -45.00 -43.00 -44.00 -44.00 -46.00 -47.00 -49.00 -50.00 -52.00 -53.00 -54.00 -54.00 -50.00
-42.00 -43.00 -41.00 -43.00 -42.00 -44.00 -46.00 -45.00 -47.00 -47.00 -46.00 -46.00 -44.00 -46.00 -46.00 -46.00 -49.00 -48.00 -48.00 -49.00 -49.00 -48.00 -48.00 -50.00 -49.00 -49.00 -48.00 -47.00 -46.00 -46.00 -46.00 -45.00 -45.00 -45.00 -46.00 -45.00 -46.00 -46.00 -45.00 -45.00 -45.00 -44.00 -45.00 -44.00 -43.00 -43.00 -44.00 -44.00 -45.00 -43.00 -44.00 -43.00 -43.00 -43.00 -43.00 -43.00 -42.00 -42.00 -43.00 -43.00 -43.00 -43.00 -43.00 -44.00 -44.00 -45.00 -45.00 -45.00 -45.00 -45.00 -46.00 -46.00 -46.00 -49.00 -51.00 -52.00 -53.00 -54.00
-40.00 -40.00 -40.00 -41.00 -42.00 -42.00 -44.00 -45.00 -44.00 -44.00 -45.00 -44.00 -43.00 -45.00 -46.00 -45.00 -45.00 -45.00 -46.00 -47.00 -47.00 -47.00 -46.00 -47.00 -47.00 -48.00 -46.00 -45.00 -47.00 -47.00 -45.00 -46.00 -45.00 -45.00 -46.00 -45.00 -45.00 -46.00 -45.00 -44.00 -44.00 -44.00 -44.00 -44.00 -43.00 -44.00 -43.00 -41.00 -44.00 -43.00 -42.00 -42.00 -42.00 -42.00 -42.00 -42.00 -42.00 -42.00 -41.00 -41.00 -41.00 -42.00 -42.00 -42.00 -42.00 -42.00 -43.00 -43.00 -43.00 -42.00 -44.00 -45.00 -46.00 -45.00 -47.00 -49.00 -49.00 -51.00
-35.00 -38.00 -40.00 -39.00 -40.00 -41.00 -43.00 -45.00 -42.00 -44.00 -42.00 -44.00 -43.00 -43.00 -43.00 -44.00 -45.00 -45.00 -44.00 -45.00 -45.00 -47.00 -47.00 -47.00 -46.00 -46.00 -46.00 -46.00 -45.00 -46.00 -45.00 -45.00 -45.00 -44.00 -45.00 -44.00 -45.00 -45.00 -46.00 -44.00 -43.00 -44.00 -44.00 -44.00 -43.00 -43.00 -42.00 -43.00 -45.00 -43.00 -43.00 -43.00 -42.00 -42.00 -42.00 -42.00 -41.00 -40.00 -41.00 -40.00 -40.00 -41.00 -41.00 -41.00 -41.00 -41.00 -41.00 -41.00 -42.00 -41.00 -42.00 -42.00 -42.00 -44.00 -46.00 -45.00 -46.00 -49.00
-35.00 -36.00 -37.00 -39.00 -40.00 -40.00 -42.00 -43.00 -43.00 -40.00 -42.00 -41.00 -43.00 -41.00 -42.00 -42.00 -43.00 -45.00 -45.00 -44.00 -45.00 -45.00 -44.00 -44.00 -45.00 -45.00 -46.00 -45.00 -45.00 -45.00 -45.00 -46.00 -46.00 -46.00 -46.00 -45.00 -46.00 -45.00 -45.00 -45.00 -44.00 -44.00 -44.00 -45.00 -43.00 -44.00 -44.00 -44.00 -45.00 -43.00 -43.00 -42.00 -42.00 -41.00 -41.00 -41.00 -41.00 -41.00 -41.00 -41.00 -41.00 -40.00 -41.00 -41.00 -41.00 -41.00 -41.00 -41.00 -41.00 -41.00 -41.00 -42.00 -42.00 -42.00 -43.00 -45.00 -45.00 -45.00
-32.00 -34.00 -36.00 -36.00 -38.00 -41.00 -44.00 -42.00 -40.00 -40.00 -43.00 -41.00 -40.00 -40.00 -43.00 -42.00 -42.00 -44.00 -43.00 -44.00 -43.00 -43.00 -43.00 -44.00 -44.00 -43.00 -44.00 -43.00 -44.00 -45.00 -45.00 -45.00 -44.00 -45.00 -46.00 -46.00 -45.00 -45.00 -45.00 -44.00 -45.00 -44.00 -43.00 -43.00 -43.00 -43.00 -45.00 -45.00 -44.00 -43.00 -43.00 -43.00 -42.00 -42.00 -41.00 -40.00 -41.00 -41.00 -41.00 -41.00 -41.00 -40.00 -41.00 -40.00 -41.00 -41.00 -41.00 -41.00 -41.00 -41.00 -41.00 -41.00 -41.00 -41.00 -42.00 -42.00 -43.00 -44.00
-33.00 -33.00 -35.00 -35.00 -37.00 -40.00 -41.00 -45.00 -50.00 -40.00 -42.00 -41.00 -40.00 -40.00 -42.00 -41.00 -41.00 -42.00 -42.00 -43.00 -42.00 -42.00 -42.00 -43.00 -42.00 -43.00 -44.00 -45.00 -44.00 -44.00 -44.00 -44.00 -45.00 -44.00 -43.00 -44.00 -44.00 -43.00 -44.00 -44.00 -44.00 -43.00 -44.00 -43.00 -43.00 -43.00 -45.00 -45.00 -43.00 -43.00 -42.00 -42.00 -42.00 -41.00 -41.00 -40.00 -41.00 -40.00 -41.00 -41.00 -41.00 -41.00 -41.00 -41.00 -41.00 -41.00 -41.00 -41.00 -41.00 -41.00 -41.00 -41.00 -42.00 -41.00 -41.00 -41.00 -42.00 -42.00
-27.00 -31.00 -32.00 -33.00 -35.00 -37.00 -39.00 -39.00 -40.00 -41.00 -40.00 -42.00 -39.00 -40.00 -40.00 -41.00 -41.00 -41.00 -41.00 -41.00 -42.00 -42.00 -42.00 -42.00 -42.00 -43.00 -42.00 -42.00 -42.00 -44.00 -43.00 -43.00 -42.00 -43.00 -43.00 -43.00 -43.00 -44.00 -43.00 -43.00 -43.00 -43.00 -45.00 -43.00 -42.00 -43.00 -45.00 -44.00 -42.00 -42.00 -42.00 -41.00 -40.00 -40.00 -39.00 -40.00 -39.00 -41.00 -41.00 -42.00 -42.00 -42.00 -41.00 -42.00 -42.00 -41.00 -41.00 -41.00 -41.00 -41.00 -41.00 -41.00 -42.00 -41.00 -41.00 -41.00 -41.00 -41.00
-25.00 -29.00 -31.00 -32.00 -27.00 -34.00 -35.00 -38.00 -41.00 -41.00 -37.00 -39.00 -41.00 -41.00 -41.00 -42.00 -43.00 -42.00 -41.00 -40.00 -41.00 -41.00 -41.00 -40.00 -41.00 -41.00 -41.00 -42.00 -41.00 -41.00 -42.00 -42.00 -42.00 -41.00 -42.00 -42.00 -42.00 -42.00 -42.00 -42.00 -41.00 -42.00 -43.00 -44.00 -44.00 -48.00 -50.00 -47.00 -43.00 -42.00 -41.00 -40.00 -40.00 -40.00 -40.00 -40.00 -40.00 -40.00 -40.00 -41.00 -41.00 -42.00 -41.00 -41.00 -41.00 -41.00 -42.00 -42.00 -42.00 -43.00 -42.00 -42.00 -42.00 -42.00 -42.00 -43.00 -44.00 -43.00
-25.00 -26.00 -23.00 -22.00 -25.00 -26.00 -31.00 -35.00 -38.00 -47.00 -37.00 -37.00 -40.00 -39.00 -39.00 -39.00 -40.00 -41.00 -40.00 -40.00 -40.00 -40.00 -40.00 -40.00 -40.00 -41.00 -41.00 -41.00 -41.00 -40.00 -40.00 -40.00 -40.00 -40.00 -40.00 -40.00 -40.00 -40.00 -40.00 -41.00 -40.00 -41.00 -43.00 -44.00 -45.00 -48.00 -50.00 -51.00 -44.00 -42.00 -41.00 -41.00 -40.00 -39.00 -39.00 -39.00 -39.00 -40.00 -40.00 -40.00 -41.00 -40.00 -40.00 -40.00 -40.00 -40.00 -40.00 -40.00 -40.00 -40.00 -40.00 -40.00 -41.00 -40.00 -39.00 -41.00 -41.00 -42.00
